0.998427 1.168354 1.302188 1.444409 
1.585826 1.713046 1.875843 2.014047 
2.143172 2.293634 2.431512 2.570083 
2.717397 2.865500 2.990421 3.094173 
3.168355 3.124821 3.066500 3.086019 
3.185299 3.082702 3.008837 3.012495 
3.014790 3.017663 3.024543 3.027837 
3.031259 3.035635 3.040403 3.045011 
3.047817 3.049557 3.052223 3.054464 
3.042656 3.045367 3.048402 3.050481 
3.048435 3.063939 3.071617 3.078706 
3.079456 3.073564 3.074274 3.041657 
3.039487 3.068162 3.114665 3.202509 
3.226085 3.242334 3.243916 3.249962 
3.246207 3.235928 3.229517 3.218621 
3.208642 3.206149 3.202254 3.199764 
3.193587 3.188989 3.180407 3.175510 
3.171042 3.171474 3.166984 3.162738 
3.160437 3.154510 3.146169 3.130461 
3.130322 3.131180 3.129006 3.131542 
3.152873 3.160208 3.169518 3.150959 
3.202469 3.211170 3.267390 3.217954 
2.976088 3.183205 3.111289 3.194744 
3.285918 3.047062 3.307550 3.329264 
3.340166 2.936057 3.321756 3.319307 
3.316845 2.813030 2.743646 3.343320 
3.301388 3.337709 3.319672 2.820491 
3.393252 3.406767 3.420361 3.347831 
2.635868 3.483786 2.601668 3.408634 
2.744041 3.480352 2.562452 2.552870 
3.503606 3.443761 3.555003 3.538121 
3.441456 3.497791 3.494758 3.472357 
3.472693 3.456163 3.459601 3.503023 
3.521552 3.495675 3.441269 3.498853 
3.486459 3.456316 3.465988 3.490790 
3.526881 3.436220 3.352232 3.417856 
3.367766 3.432247 3.421930 3.253510 
3.216503 3.296352 3.304241 2.369053 
3.251847 2.286373 3.173780 3.283818 
2.212650 3.057049 2.800105 2.758979 
2.861667 2.817605 1.925871 2.557840 
2.497654 2.667843 2.616527 2.473401 
2.507677 2.452195 2.530110 2.448252 
2.436561 2.335344 2.390284 2.359133 
2.277657 2.243916 2.205182 2.194261 
2.181192 2.205443 2.103589 2.137629 
2.200070 2.129819 2.101144 2.093095 
2.094975 2.132577 2.123630 2.027057 
2.021721 2.005700 2.015734 2.014439 
2.076596 1.997943 1.965585 2.021307 
2.037057 1.950881 2.025443 1.932498 
1.955503 1.951835 1.927665 1.923522 
2.008502 1.995180 1.912807 1.972730 
1.949529 1.918334 1.911830 1.929977 
1.915680 1.937279 1.878684 1.931966 
1.940408 1.847171 1.807295 1.911689 
1.975458 1.849665 1.783283 1.826473 
2.046490 1.797614 1.878359 2.081731 
1.828147 1.806599 2.014990 2.018844 
1.795881 1.825940 1.880795 1.801758 
2.003267 1.812966 2.083922 1.978424 
1.913573 1.834299 1.881576 1.829969 
1.972752 1.871079 2.112391 1.844684 
1.916899 1.911865 2.020153 1.755721 
2.014075 1.851261 2.062964 1.742926 
1.821422 1.768332 1.773937 1.923410 
1.748971 1.817712 2.094936 1.947967 
1.939767 1.954674 1.850753 2.051699 
2.062766 2.072041 2.090326 2.101543 
2.124416 2.188549 2.293219 2.336678 
2.312883 2.293577 2.314205 2.347284 
2.309076 2.398397 2.430319 2.470970 
2.514006 2.575067 2.600602 2.666903 
2.647771 2.658365 2.666160 2.687110 
2.703527 2.723853 2.753144 2.772274 
2.783484 2.819889 2.841204 2.946464 
2.921034 3.203399 3.194016 3.213992 
3.238663 3.180644 3.216004 3.318788 
3.202303 3.218323 3.215722 3.219263 
3.233920 3.245569 3.247813 3.257337 
3.263976 3.265962 3.285650 3.279710 
3.284451 3.308378 3.315110 3.322550 
3.327461 3.332680 3.331163 3.333969 
3.333930 3.337703 3.336608 3.349841 
3.351084 3.348882 3.363818 3.366783 
3.377357 3.393326 3.402691 3.416670 
3.425401 3.437646 3.461785 3.470392 
3.480105 3.496130 3.507654 3.521803 
3.534109 3.545990 3.557255 3.569567 
3.540300 3.551339 3.599297 3.611422 
3.619970 3.574963 3.485669 3.410849 
3.432076 3.436048 3.584848 3.443570 
3.592985 3.572548 3.554081 3.635207 
3.562051 3.501157 3.503149 3.511957 
3.512437 3.516133 3.449307 3.453323 
3.432219 3.439343 3.445835 3.454461 
3.460785 3.473117 3.453802 3.464281 
3.478437 3.499640 3.527115 3.541061 
3.570746 3.592071 3.609206 3.746937 
3.798493 3.840869 3.868951 3.851233 
3.854393 3.857321 3.891418 3.893994 
3.896229 3.898764 3.901000 3.903287 
3.905280 3.906784 3.908472 3.909476 
3.911160 3.912375 3.913528 3.915046 
3.916284 3.917067 3.918493 3.919404 
3.920341 3.921244 3.922430 3.923221 
3.927841 3.931562 3.936013 3.940562 
3.948566 3.963441 3.964012 3.983123 
3.997662 4.005682 4.015908 4.026814 
4.033749 4.061427 4.053564 4.070197 
4.176217 4.266364 4.359154 4.366270 
4.406919 4.442495 4.682724 4.651678 
4.797957 4.690111 4.647574 4.704026 
4.745564 4.772473 4.803794 4.861279 
4.892782 4.906031 4.903783 4.886821 
4.862043 4.839395 4.817294 4.798053 
4.770091 4.765495 4.743127 4.734503 
4.790727 4.673763 4.596320 4.543848 
4.485254 4.423010 4.358664 4.306274 
4.221127 4.142033 4.056760 4.000626 
3.912314 3.800119 3.708720 3.633447 
3.652704 3.594134 3.440140 3.409354 
3.389254 3.371740 3.354434 3.343689 
3.331546 3.322896 3.311313 3.304213 
3.294052 3.285764 3.277823 3.268308 
3.260310 3.250389 3.243260 3.218583 
3.203299 3.182905 3.152133 3.104851 
2.982477 2.987641 2.921372 2.790410 
2.798060 2.765290 2.699530 2.676759 
2.514138 2.471902 2.445665 2.556632 
2.376861 2.377718 2.322822 2.345313 
2.416439 2.376593 2.250235 2.352052 
2.153100 2.165623 2.320192 2.308663 
2.305930 2.300684 2.051574 2.159423 
2.105502 2.031837 2.257815 2.113712 
2.127447 2.159553 2.114949 1.905599 
2.164930 2.159522 2.050097 2.048329 
2.139024 2.023238 2.067401 1.921691 
2.054151 1.852172 1.847596 1.845148 
1.844467 1.845600 1.850316 1.857868 
1.866822 1.848141 1.864836 1.885273 
1.918680 1.887326 1.963520 1.946541 
1.977022 1.970665 2.039400 2.123534 
2.159262 2.174257 2.079898 2.300083 
2.267757 2.264098 2.377589 2.134187 
2.427124 1.944982 1.961301 1.889652 
1.683333 1.606699 1.601793 1.534494 
1.762509 1.465911 1.766265 1.325729 
1.763528 1.326669 1.747918 1.261216 
1.621981 1.638340 1.155832 1.121959 
0.952325 1.616375 1.617232 1.754591 
1.614405 1.588273 1.613186 1.003562 
1.594390 1.258805 0.759318 1.709841 
1.099850 0.695997 1.741961 1.572538 
1.083029 0.918764 0.883024 1.553759 
0.891408 0.832733 0.834654 0.835966 
0.858759 0.865390 0.813127 0.822889 
0.844592 0.840134 0.840272 0.851888 
0.878046 0.918174 0.928495 0.936179 
0.908093 0.954398 0.970935 0.948522 
0.997070 0.999383 1.009428 0.985041 
1.009980 1.014698 1.040651 1.055407 
1.062346 1.103285 1.103790 1.080635 
1.015292 1.000251 0.982632 0.964049 
0.969820 0.970464 0.974465 0.979001 
0.989099 0.999825 1.006945 1.015222 
1.034519 1.053769 1.050514 1.047726 
1.068865 1.071375 1.069219 1.087418 
1.088885 1.112313 1.106843 1.090024 
1.115037 1.121305 1.122534 1.111343 
1.131675 1.127210 1.119459 1.090301 
1.125795 1.142417 1.111845 1.172363 
1.111618 1.152935 1.139045 1.079601 
1.080198 0.987257 1.050696 1.013168 
1.002965 1.054052 0.985076 0.966859 
0.836218 0.859190 0.990738 0.925212 
0.784559 0.717486 0.917386 0.915425 
0.910346 0.611327 0.756223 0.772519 
0.711959 0.718224 0.876747 0.661518 
0.935939 0.568553 0.566595 0.577278 
0.853386 0.940820 0.555235 1.008049 
1.048755 1.016197 0.919873 1.000323 
0.982138 1.075965 0.093622 0.851940 
0.261971 0.833291 0.216207 0.968985 
0.108573 0.629493 0.659498 -0.285800 
-0.104053 0.993749 -0.142212 0.992423 
0.944065 0.630334 0.951931 -0.024121 
-0.019680 -0.027330 0.112688 0.970365 
0.097483 0.084961 0.986685 1.034022 
0.998495 0.629363 0.801526 -0.253044 
-0.493430 -0.549777 -0.541111 -0.528394 
-0.529175 -0.522743 -0.523020 -0.518205 
-0.511516 -0.507175 -0.496002 -0.490982 
-0.485683 -0.471769 -0.464330 -0.445404 
-0.410280 -0.335254 -0.301624 -0.322235 
-0.252603 -0.156269 -0.066391 0.088460 
0.027748 0.088183 0.135425 0.147353 
0.160295 0.174955 0.186579 0.201850 
0.210360 0.212193 0.221656 0.231259 
0.238800 0.248833 0.259023 0.264745 
0.271984 0.278286 0.283769 0.289625 
0.296162 0.299007 0.302347 0.308532 
0.311193 0.315477 0.319684 0.323362 
0.327986 0.330028 0.322443 0.334619 
0.365360 0.295368 0.350538 0.346575 
0.329987 0.258423 0.258865 0.172619 
0.149293 0.041099 0.120858 -0.026831 
0.023688 -0.007585 -0.044316 0.001282 
-0.021483 -0.014543 -0.136644 -0.159850 
-0.199210 -0.244234 -0.204125 -0.198637 
-0.264696 -0.290031 -0.309023 -0.361142 
-0.396582 -0.628190 -0.727931 -0.684140 
-0.442309 -0.403425 -0.514027 -0.616048 
-0.681784 -0.744424 -0.813284 -0.798415 
-0.819265 -0.935963 -0.974602 -0.963696 
-1.010677 -1.068144 -1.121872 -0.989576 
-1.173364 -1.075868 -1.260394 -1.232352 
-1.229994 -1.244904 -1.071826 -1.150793 
-1.295146 -1.300762 -1.019021 -1.410719 
-0.994928 -0.998679 -1.312758 -1.163474 
-1.017751 -1.049326 -1.493706 -1.497941 
-1.168791 -1.349554 -1.180473 -1.351378 
-1.077718 -1.044815 -1.035634 -1.031959 
-0.995833 -0.988834 -0.966826 -0.871028 
-0.844213 -0.820787 -0.795398 -0.780967 
-0.761492 -0.739476 -0.721995 -0.702902 
-0.684880 -0.662354 -0.637621 -0.613975 
-0.598236 -0.570243 -0.540830 -0.529079 
-0.494370 -0.454197 -0.431025 -0.443852 
-0.410205 -0.371021 -0.322506 -0.270163 
-0.258616 -0.310007 -0.307831 -0.303641 
-0.300314 -0.297865 -0.293095 -0.288977 
-0.281167 -0.279644 -0.277602 -0.272485 
-0.270042 -0.257008 -0.252661 -0.251171 
-0.248924 -0.245322 -0.235749 -0.232102 
-0.237305 -0.229108 -0.228014 -0.221257 
-0.226275 -0.218184 -0.216442 -0.208580 
-0.211065 -0.238859 -0.211979 -0.232279 
-0.239566 -0.192128 -0.213889 -0.210872 
-0.202543 -0.242770 -0.265076 -0.233779 
-0.189731 -0.222760 -0.205377 -0.144045 
-0.107779 -0.134283 -0.065804 0.061214 
0.169462 0.288068 0.266217 0.530047 
0.422194 0.718691 0.837441 0.978783 
1.110776 1.239126 1.269986 1.262355 
1.414461 1.416178 1.368464 1.410153 
1.408527 1.460380 1.453336 1.431328 
1.433966 1.439920 1.446935 1.451584 
1.455853 1.463218 1.472906 1.477990 
1.485080 1.488597 1.493410 1.500119 
1.512583 1.525890 1.522997 1.540396 
1.533276 1.535377 1.554916 1.537056 
1.532958 1.546998 1.553999 1.570827 
1.561705 1.576633 1.544637 1.546369 
1.543975 1.565611 1.541051 1.542146 
1.583367 1.599693 1.539393 1.519155 
1.544473 1.540209 1.584091 1.616282 
1.539095 1.641302 1.506148 1.594717 
1.663932 1.648736 1.574790 1.781687 
1.830510 1.872012 1.882002 1.903573 
2.050595 2.012149 1.959312 1.883674 
2.039801 1.903170 1.938908 1.982166 
2.085532 2.422450 2.497626 2.576097 
2.645102 2.706761 2.764551 2.814578 
2.868323 2.956944 3.102785 3.253427 
3.416342 3.245088 3.318765 3.420427 
3.495658 3.567336 3.643524 3.774713 
3.823109 3.985402 4.116509 3.938171 
4.159407 4.210542 4.353957 4.457932 
4.243998 4.481552 4.665041 4.626163 
4.831922 4.856963 4.933248 4.842099 
4.872124 5.003983 5.075522 5.196266 
4.983162 5.229952 5.291962 5.126407 
5.101688 5.423831 5.344651 5.473868 
5.410154 5.439782 5.384674 5.490935 
5.390113 5.478393 5.556371 5.598966 
5.670475 5.415099 5.616015 5.620209 
5.535302 5.722819 5.740808 5.655153 
5.759869 5.808891 5.706860 5.801771 
5.853182 5.729310 5.680045 5.842470 
5.587256 5.910425 5.786148 5.611966 
5.905826 5.891105 5.878914 5.635457 
5.640421 5.888611 5.625373 5.939148 
5.949004 5.877065 5.847461 5.834808 
5.778418 5.920102 5.734154 5.898823 
5.772824 5.885462 5.811173 5.902524 
5.845378 5.634325 5.622712 5.898957 
5.818786 5.877911 5.881776 5.772478 
5.798701 5.649938 5.627310 5.586803 
5.827513 5.833334 5.798230 5.823541 
5.651997 5.828222 5.649432 5.816166 
5.635382 5.852997 5.925183 5.781640 
5.833468 5.892760 5.824381 5.805838 
5.863194 5.862026 5.800950 5.828261 
5.870954 5.799816 5.912430 5.853513 
5.821810 5.822004 5.814355 5.814402 
5.882642 5.818280 5.812464 5.799152 
5.795034 5.792107 5.789103 5.787988 
5.780237 5.767954 5.758828 5.757324 
5.741908 5.689219 5.575509 5.520905 
5.479850 5.449002 5.422583 5.392106 
5.352135 5.301363 5.246866 5.108146 
4.983140 4.866607 4.685629 4.546198 
4.434548 4.336153 4.272213 4.207190 
4.142247 4.096844 4.058420 4.008908 
3.963220 3.895353 3.863818 3.770690 
3.664963 3.664176 3.479472 3.499526 
3.411121 3.278578 3.209455 3.182921 
3.163046 3.203366 3.114997 3.113656 
3.057591 3.000013 2.859809 2.709291 
2.566017 2.444214 2.264092 2.122690 
1.999503 1.847967 1.712165 1.583014 
1.479422 1.389291 1.308732 1.193457 
1.267268 1.166307 0.949536 0.979701 
0.968412 0.638613 0.663373 0.637160 
0.485949 0.341138 0.307072 0.170968 
0.068471 0.005565 -0.118095 -0.330738 
-0.448012 -0.575190 -0.755562 -0.851217 
-0.850430 -0.887307 -0.792993 -0.966996 
-1.147413 -1.081212 -1.308452 -1.347310 
-1.455266 -1.488877 -1.680458 -1.817838 
-1.865030 -1.979221 -2.020397 -2.116217 
-2.266628 -2.382414 -2.549412 -2.731860 
-2.800903 -2.773265 -2.838837 -2.853061 
-2.814084 -2.834925 -2.854975 -2.862716 
-2.873869 -3.026874 -3.039841 -3.057700 
-3.070043 -3.080635 -3.094195 -3.101324 
-3.109988 -3.121014 -3.127904 -3.141958 
-3.159147 -3.156013 -3.166743 -3.153861 
-3.141693 -3.184923 -3.418320 -3.434561 
-3.499190 -3.452443 -3.419328 -3.522032 
-3.585436 -3.623546 -3.586143 -3.628986 
-3.656050 -3.797955 -3.730111 -3.787968 
-3.871400 -3.887324 -3.811081 -3.813159 
-3.973045 -3.707763 -3.834729 -3.899375 
-3.865647 -3.884687 -3.881397 -3.907122 
-3.879173 -3.913362 -3.891828 -3.772320 
-3.783346 -3.982197 -3.934255 -4.001896 
-3.742194 -3.972336 -3.985019 -3.966576 
-3.889738 -3.921520 -3.898693 -3.950050 
-3.968605 -4.070504 -3.984340 -4.155943 
-3.904387 -3.897382 -3.982307 -4.112676 
-4.120845 -4.135074 -4.204201 -3.904633 
-4.119385 -3.993851 -3.888633 -3.877642 
-4.116449 -3.893097 -3.873049 -3.837603 
-4.031160 -3.765170 -4.047534 -3.726713 
-3.943086 -3.951358 -3.675469 -3.718927 
-3.537936 -3.744336 -3.594429 -3.786240 
-3.355729 -3.734915 -3.451803 -3.680460 
-3.702066 -3.482259 -3.287965 -3.624171 
-3.427930 -3.092506 -3.828332 -3.177703 
-3.376157 -3.336658 -3.169214 -3.464448 
-3.036965 -3.276900 -3.462752 -2.558790 
-3.077826 -2.557927 -2.637072 -2.474083 
-2.444554 -3.071595 -2.449447 -2.378981 
-2.353209 -2.285977 -2.336600 -2.332741 
-2.302459 -2.258705 -2.242240 -2.185741 
-2.177251 -2.242795 -2.496167 -2.155224 
-2.493289 -2.129212 -2.242783 -2.435961 
-2.077500 -2.443986 -2.196512 -2.115814 
-2.423648 -2.416850 -2.177105 -2.392839 
-1.998108 -2.394167 -2.385000 -2.379559 
-2.374114 -2.368870 -2.365399 -2.361801 
-2.357235 -2.354594 -2.353709 -2.355781 
-2.350974 -2.355605 -2.349864 -2.355416 
-2.344247 -2.344116 -2.340818 -2.338117 
-2.346768 -2.331011 -2.323104 -2.344990 
-2.351525 -2.348617 -2.308914 -2.286894 
-2.282042 -2.270877 -2.267372 -2.250163 
-2.239649 -2.250568 -2.249627 -2.406994 
-2.440543 -2.497697 -2.493593 -2.490106 
-2.483472 -2.484756 -2.470505 -2.413280 
-2.374841 -2.310181 -2.252257 -2.163144 
-2.079530 -2.260861 -2.260631 -2.260848 
-2.261090 -2.262604 -2.265981 -2.268462 
-2.273848 -2.275585 -2.276424 -2.279334 
-2.282177 -2.283906 -2.286104 -2.287432 
-2.288742 -2.290382 -2.291880 -2.292874 
-2.293519 -2.294763 -2.296746 -2.298654 
-2.300052 -2.301616 -2.309271 -2.304930 
-2.305061 -2.310519 -2.310669 -2.310047 
-2.314756 -2.312509 -2.311686 -2.312883 
-2.313839 -2.293447 -2.306737 -2.399945 
-2.368452 -2.334096 -2.476852 -2.515655 
-2.750147 -2.763664 -2.977453 -2.901434 
-2.865609 -3.094141 -2.949238 -2.980023 
-3.017633 -3.124633 -3.163352 -3.312501 
-3.334953 -3.310159 -3.242494 -3.404362 
-3.623656 -3.730198 -3.764317 -3.984617 
-3.683701 -3.946261 -4.113899 -4.198705 
-4.209854 -4.366597 -4.066848 -4.308780 
-4.418442 -4.537882 -4.598405 -4.612692 
-4.692322 -4.761565 -4.816836 -4.913164 
-5.019120 -5.012077 -5.043731 -5.247891 
-5.100371 -5.202350 -5.202838 -5.309231 
-5.386449 -5.427342 -5.370976 -5.405374 
-5.468236 -5.502307 -5.717441 -5.773895 
-5.486520 -5.778644 -5.745823 -5.916912 
-5.789074 -5.957212 -5.677621 -5.597826 
-5.707552 -5.749944 -5.753844 -5.765262 
-5.658291 -5.657047 -5.646526 -5.649082 
-5.652367 -5.678865 -5.675561 -5.673000 
-5.671474 -5.656186 -5.647528 -5.636113 
-5.626271 -5.618440 -5.607335 -5.595067 
-5.583256 -5.570982 -5.553512 -5.536016 
-5.521375 -5.499222 -5.479809 -5.458356 
-5.434700 -5.400713 -5.356038 -5.305998 
-5.240828 -5.117038 -4.934081 -4.787505 
-4.709191 -4.616138 -4.566292 -4.541358 
-4.523679 -4.504758 -4.476740 -4.455775 
-4.441053 -4.425501 -4.418072 -4.400955 
-4.383614 -4.370322 -4.354657 -4.345932 
-4.328648 -4.323521 -4.328675 -4.315810 
-4.331931 -4.306446 -4.318725 -4.296472 
-4.284646 -4.283099 -4.254641 -4.288451 
-4.264270 -4.268577 -4.250817 -4.249359 
-4.238661 -4.248114 -4.219683 -4.255798 
-4.224487 -4.148163 -4.198220 -4.215339 
-4.207764 -4.266574 -4.194384 -4.275232 
-4.226126 -4.295681 -4.294456 -4.298399 
-4.376735 -4.258444 -4.253355 -4.423214 
-4.303945 -4.268554 -4.328927 -4.243417 
-4.226497 -4.260338 -4.439060 -4.315670 
-4.356391 -4.345340 -4.021894 -4.298511 
-3.986093 -3.878635 -3.923513 -4.202906 
-3.723708 -4.128288 -4.148299 -4.022911 
-4.033615 -4.528322 -3.437871 -4.515830 
-4.563556 -4.175227 -4.582928 -3.238911 
-4.195605 -4.642150 -4.209728 -4.262102 
-4.634885 -4.345330 -3.447541 -4.316972 
-4.120765 -3.452136 -3.388510 -3.378935 
-3.384735 -3.396333 -3.383116 -3.340748 
-4.183926 -4.368016 -3.322378 -3.315159 
-3.974110 -4.170386 -4.702535 -4.153845 
-4.089164 -4.161414 -4.082740 -4.137473 
-4.129826 -3.154080 -3.017954 -2.988922 
-2.965017 -2.785438 -2.747947 -2.695893 
-2.665388 -2.654051 -2.629305 -2.598756 
-2.590108 -2.566842 -2.541779 -2.523173 
-2.498697 -2.471360 -2.454647 -2.434154 
-2.405720 -2.465221 -2.417944 -2.351519 
-2.334895 -2.369689 -2.377305 -2.273261 
-2.192066 -2.174367 -2.040847 -2.043710 
-2.033006 -2.033085 -2.033310 -2.032355 
-2.032623 -2.031901 -2.031223 -2.030425 
-2.029695 -2.028915 -2.028345 -2.027913 
-2.026684 -2.026541 -2.025986 -2.025778 
-2.025343 -2.024835 -2.024445 -2.023963 
-2.023590 -2.023137 -2.023930 -2.017638 
-2.013940 -2.002808 -2.005062 -2.004984 
-2.095742 -2.150404 -2.172189 -2.248585 
-2.419954 -2.407610 -2.333120 -2.570631 
-2.569345 -2.493303 -2.625772 -2.665773 
-2.673574 -2.578063 -2.690944 -2.758805 
-2.896147 -2.993052 -2.879621 -3.072803 
-3.165324 -2.993515 -3.035198 -3.199681 
-3.269470 -3.318017 -3.354685 -3.332912 
-3.354248 -3.794296 -3.422059 -3.687504 
-3.161367 -3.214878 -3.224560 -3.351433 
-3.436568 -3.453607 -3.499714 -3.548772 
-3.515297 -3.513115 -3.566552 -3.739232 
-3.610904 -3.623082 -3.640491 -3.659021 
-3.918002 -3.938581 -3.867638 -4.036343 
-3.895658 -3.959265 -3.885139 -4.037685 
-4.221385 -4.228265 -4.257287 -3.927588 
-4.030487 -4.270142 -4.202488 -4.038669 
-4.041351 -4.038366 -4.061822 -3.988706 
-3.992668 -3.991189 -3.985220 -3.949072 
-3.934190 -3.916278 -3.855348 -3.828040 
-3.771927 -3.745749 -3.717852 -3.698002 
-3.671758 -3.655891 -3.625842 -3.600205 
-3.569874 -3.547090 -3.507367 -3.476137 
-3.434433 -3.392223 -3.352664 -3.311129 
-3.258861 -3.214310 -3.123845 -2.971182 
-2.813721 -2.658234 -2.577299 -2.501078 
-2.486190 -2.457956 -2.441575 -2.422479 
-2.408051 -2.394442 -2.375598 -2.366122 
-2.354922 -2.343537 -2.333549 -2.320923 
-2.310840 -2.299834 -2.310229 -2.303266 
-2.299721 -2.287679 -2.280046 -2.267924 
-2.293731 -2.271865 -2.280952 -2.280640 
-2.274182 -2.241889 -2.231701 -2.232268 
-2.243363 -2.239638 -2.232113 -2.263727 
-2.210924 -2.270903 -2.229080 -2.313431 
-2.309082 -2.473357 -2.415038 -2.509439 
-2.501398 -2.510118 -2.582287 -2.597808 
-2.667253 -2.614856 -2.921671 -2.649980 
-2.783530 -2.805505 -2.763261 -2.882544 
-2.769579 -2.843578 -3.044536 -2.848079 
-2.913837 -3.122149 -3.219608 -3.222661 
-3.097126 -3.235015 -2.875054 -3.015135 
-3.582061 -4.601344 -3.425243 -3.411709 
-3.435264 -4.927523 -3.541646 -3.847580 
-3.569287 -4.269509 -3.680618 -3.815732 
-3.805284 -3.030087 -3.835812 -3.972803 
-3.850743 -4.058121 -4.287701 -4.060137 
-3.095194 -4.150428 -4.262314 -4.199506 
-4.278416 -3.654028 -4.265319 -4.015131 
-4.177816 -3.771776 -3.816501 -4.427143 
-4.208718 -4.324334 -4.414812 -4.219056 
0.987455 1.013152 1.032911 1.053315 
1.076390 1.092987 1.115523 1.135646 
1.169229 1.177301 1.196984 1.218485 
1.238152 1.259372 1.295648 1.333159 
1.368255 1.362621 1.332162 1.322893 
1.389146 1.342411 1.374316 1.378866 
1.381720 1.385290 1.393864 1.397961 
1.402231 1.407682 1.413609 1.419350 
1.422723 1.424881 1.428187 1.430966 
1.413459 1.417499 1.422020 1.425119 
1.421728 1.456312 1.482623 1.524269 
1.564088 1.417137 1.413819 1.483993 
1.486557 1.466892 1.444950 1.396664 
1.380953 1.366849 1.363093 1.358528 
1.361579 1.370265 1.375377 1.384081 
1.392245 1.394048 1.407474 1.410055 
1.416555 1.421520 1.431333 1.437043 
1.442476 1.441382 1.447926 1.454706 
1.458748 1.468849 1.492518 1.516341 
1.527322 1.572805 1.617776 1.670182 
1.753639 1.798656 1.858221 1.980949 
2.144953 2.095683 2.182732 2.400411 
2.355999 2.591640 2.454138 2.648471 
2.611502 2.618930 2.714733 2.909025 
2.905661 2.838186 3.055621 3.004282 
3.120820 3.108015 3.097360 3.128744 
3.153162 3.537313 3.469467 3.471344 
3.427912 3.579159 3.744866 3.674966 
3.660613 3.608042 3.614096 3.985114 
3.949134 4.003231 3.748966 3.777439 
4.087253 4.064407 3.928336 4.210197 
4.123593 4.272566 4.254439 4.192194 
4.212965 4.374392 4.259881 4.366027 
4.318061 4.297643 4.252555 4.423492 
4.324664 4.362434 4.405662 4.426307 
4.386697 4.438904 4.349158 4.514745 
4.531554 4.467458 4.474330 4.394526 
4.432260 4.604757 4.600499 4.376381 
4.623092 4.379136 4.539041 4.527689 
4.343881 4.698608 4.430292 4.428164 
4.718712 4.537979 4.236856 4.553703 
4.549365 4.752444 4.510639 4.352574 
4.443594 4.431045 4.736022 4.705158 
4.693744 4.392182 4.345681 4.333642 
4.706256 4.708047 4.364747 4.363741 
4.721691 4.393102 4.387663 4.720763 
4.775058 4.393213 4.393040 4.389926 
4.444953 4.284709 4.284027 4.740472 
4.393267 4.394217 4.377799 4.395502 
4.281245 4.388836 4.396904 4.280589 
4.281198 4.399693 4.281245 4.402005 
4.402496 4.404848 4.362290 4.407111 
4.281410 4.280001 4.407955 4.283094 
4.399109 4.399696 4.412614 4.354578 
4.348961 4.792105 4.359987 4.353768 
4.767347 4.419109 4.399209 4.398480 
4.263285 4.336356 4.388200 4.402398 
4.315569 4.399011 4.386650 4.343743 
4.408957 4.402191 4.295225 4.291213 
4.392630 4.409074 4.386413 4.397572 
4.282190 4.364214 4.342531 4.267765 
4.322201 4.373302 4.300220 4.402921 
4.263410 4.283887 4.402104 4.427049 
4.318865 4.313934 4.273488 4.360948 
4.264065 4.438717 4.313586 4.330294 
4.375761 4.321536 4.330802 4.310294 
4.397125 4.347521 4.305815 4.250416 
4.187891 4.179787 4.484629 4.154414 
4.128784 4.111838 4.084722 4.070967 
4.051097 4.012220 3.983004 3.980691 
3.979656 3.976575 3.981018 3.984643 
3.989928 4.000589 4.024842 4.045776 
4.069265 4.103994 4.119301 4.141717 
4.149547 4.156755 4.161947 4.175984 
4.188510 4.202416 4.213937 4.223245 
4.234403 4.243582 4.253822 4.282337 
4.277446 4.318957 4.335244 4.355248 
4.328989 4.332381 4.308414 4.274571 
4.150193 4.119122 4.124158 4.117318 
4.088827 4.066256 4.061970 4.043403 
4.030739 4.026626 3.987731 3.999955 
3.991238 3.944512 3.931477 3.917094 
3.907589 3.897487 3.900364 3.894880 
3.895063 3.887684 3.889723 3.864220 
3.861982 3.866319 3.837261 3.831529 
3.814079 3.790913 3.780139 3.768807 
3.759418 3.748579 3.735562 3.730985 
3.719334 3.712292 3.707403 3.699616 
3.692985 3.688077 3.684904 3.682514 
3.710672 3.687133 3.685463 3.677257 
3.679874 3.686651 3.696161 3.712082 
3.714570 3.685046 3.690981 3.716993 
3.704503 3.735676 3.739238 3.748523 
3.782899 3.736083 3.737740 3.744862 
3.745271 3.748682 3.711713 3.713384 
3.699920 3.702221 3.704371 3.707257 
3.709305 3.713046 3.709874 3.711339 
3.713422 3.716873 3.715891 3.718182 
3.715873 3.712631 3.708718 3.626267 
3.572331 3.524745 3.467229 3.422552 
3.400709 3.380487 3.348813 3.329141 
3.312283 3.293562 3.276782 3.259667 
3.244762 3.233510 3.220889 3.213314 
3.200786 3.191684 3.183070 3.171768 
3.162542 3.155653 3.144981 3.139344 
3.132363 3.125636 3.116786 3.110887 
3.086290 3.067557 3.045361 3.031280 
3.009976 2.980007 2.979117 2.954930 
2.936774 2.923954 2.907260 2.895057 
2.886571 2.863085 2.861081 2.844325 
2.745060 2.663440 2.575373 2.523258 
2.522823 2.453015 2.308084 2.249761 
2.172342 2.030973 1.966931 1.831660 
1.699101 1.569761 1.442775 1.248250 
1.118133 0.995525 0.869408 0.712027 
0.545313 0.346820 0.168901 0.059397 
-0.006601 -0.132699 -0.192550 -0.358938 
-0.310025 -0.455622 -0.645160 -0.812384 
-0.980646 -1.136693 -1.299977 -1.440521 
-1.607791 -1.764749 -1.921089 -2.018274 
-2.151487 -2.285174 -2.384508 -2.470656 
-2.443444 -2.523473 -2.671698 -2.696534 
-2.709405 -2.720623 -2.730862 -2.736777 
-2.743223 -2.747676 -2.753569 -2.757135 
-2.762871 -2.767248 -2.770733 -2.775567 
-2.780543 -2.786922 -2.791442 -2.809270 
-2.821563 -2.838730 -2.868687 -2.917425 
-3.039050 -3.020005 -3.119841 -3.202782 
-3.133230 -3.326375 -3.363584 -3.397741 
-3.511974 -3.381301 -3.494919 -3.476269 
-3.597036 -3.604330 -3.703554 -3.614805 
-3.775009 -3.876959 -3.756662 -3.767933 
-3.674735 -3.944728 -3.842665 -3.867361 
-4.056985 -4.066700 -3.797332 -3.857361 
-4.056245 -4.015213 -4.109671 -4.171017 
-4.221948 -4.151537 -4.077304 -4.046714 
-4.035712 -4.159821 -4.097412 -4.044450 
-4.114733 -4.005135 -4.011668 -3.784270 
-3.977823 -3.605769 -3.548286 -3.500062 
-3.453678 -3.415251 -3.359283 -3.298407 
-3.235914 -3.210688 -3.066435 -2.917253 
-2.748525 -2.717384 -2.589504 -2.469289 
-2.385983 -2.408905 -2.277220 -2.149497 
-2.067207 -2.013758 -2.063337 -2.004504 
-1.772216 -1.835585 -1.801178 -1.659631 
-1.498387 -1.291329 -1.324968 -1.035210 
-1.218049 -1.125039 -1.101122 -0.998187 
-0.487536 -0.844409 -0.388381 -0.713532 
-0.224362 -0.517959 -0.113675 -0.467419 
-0.155666 0.001530 -0.350822 -0.281788 
-0.369634 0.235323 0.270566 0.396653 
0.343067 0.155342 0.381595 -0.024792 
0.484925 0.167981 -0.027712 0.484077 
0.051308 -0.070623 0.695783 0.624023 
0.093929 0.156690 0.232226 0.433338 
0.325125 0.262770 0.325377 0.346987 
0.450700 0.469093 0.375119 0.384671 
0.419525 0.401606 0.401732 0.411638 
0.455864 0.540096 0.550957 0.558727 
0.478278 0.576189 0.592402 0.512842 
0.611573 0.613099 0.619160 0.531611 
0.542132 0.543332 0.552275 0.556773 
0.557776 0.554669 0.556683 0.571623 
0.650447 0.676184 0.703472 0.716557 
0.712125 0.711600 0.708118 0.704165 
0.695448 0.686924 0.679805 0.672598 
0.657378 0.627985 0.643744 0.644336 
0.626067 0.623826 0.625634 0.594474 
0.608446 0.588089 0.592677 0.607208 
0.563738 0.557171 0.579007 0.588539 
0.570627 0.574641 0.589228 0.618874 
0.549908 0.539492 0.538812 0.380346 
0.167317 0.268145 0.077841 0.064382 
-0.058256 -0.002120 -0.109563 -0.218968 
-0.245931 -0.076999 -0.296989 -0.323292 
-0.324603 -0.406783 -0.389441 -0.469236 
-0.519739 -0.618606 -0.567592 -0.658319 
-0.735403 -0.982062 -0.935227 -1.116309 
-1.217658 -1.215416 -1.387941 -1.455105 
-1.193882 -1.615401 -1.678330 -1.736816 
-1.778141 -1.915604 -2.013374 -2.058912 
-1.862194 -2.022459 -2.217642 -2.050881 
-2.445120 -2.320662 -2.572470 -2.512820 
-2.565627 -2.595355 -2.698587 -2.678075 
-2.842517 -2.790871 -2.755747 -2.869147 
-2.925297 -2.922030 -3.036711 -3.010890 
-3.150157 -2.992442 -3.271739 -3.233657 
-3.219488 -3.254876 -3.086738 -3.287391 
-3.147117 -3.187545 -3.380445 -3.267908 
-3.331346 -3.245997 -3.317925 -3.378291 
-3.275140 -3.188620 -3.197545 -3.210631 
-3.209838 -3.216175 -3.215913 -3.220318 
-3.226016 -3.229510 -3.238475 -3.241759 
-3.245193 -3.253384 -3.257794 -3.266999 
-3.286017 -3.320447 -3.322746 -3.319376 
-3.335751 -3.360637 -3.392900 -3.363921 
-3.328970 -3.289339 -3.241530 -3.223727 
-3.204414 -3.182502 -3.165117 -3.142299 
-3.129593 -3.126753 -3.112556 -3.098157 
-3.086819 -3.071758 -3.056470 -3.047884 
-3.037033 -3.027588 -3.019372 -3.010601 
-3.000822 -2.996477 -2.991564 -2.982226 
-2.978213 -2.971774 -2.965455 -2.959926 
-2.952978 -2.949907 -2.960922 -2.939961 
-2.904033 -2.876460 -2.774143 -2.754504 
-2.703842 -2.758904 -2.845241 -2.634306 
-2.617323 -2.550513 -2.388241 -2.482305 
-2.409477 -2.301046 -2.260713 -2.303815 
-2.343758 -2.353014 -2.145389 -2.109021 
-2.241011 -1.912212 -2.023722 -1.996272 
-1.861542 -1.783348 -1.721750 -1.582336 
-1.396017 -1.429068 -1.298151 -1.322093 
-1.171134 -0.763745 -1.083899 -0.892883 
-0.682323 -0.520580 -0.335285 -0.322234 
-0.263126 -0.203201 0.028414 -0.103584 
0.034310 -0.019134 0.040182 0.188639 
0.099200 0.249813 0.130254 0.297118 
0.322944 0.420536 0.446580 0.605641 
0.503988 0.532118 0.768792 0.490017 
0.778245 0.794626 0.733369 0.828604 
0.886307 0.903138 0.647263 0.655066 
0.941989 0.835524 1.006455 0.858981 
1.170865 1.033556 1.058980 1.072446 
1.148605 1.158092 1.286468 1.405935 
1.424133 1.434892 1.446507 1.452897 
1.462523 1.475157 1.478949 1.490015 
1.490620 1.503213 1.510048 1.515599 
1.516136 1.510310 1.528884 1.529084 
1.527287 1.530753 1.538447 1.531273 
1.526627 1.517597 1.484714 1.477212 
1.466351 1.545368 1.540380 1.530775 
1.523142 1.517528 1.506577 1.497108 
1.479224 1.475743 1.471068 1.459368 
1.453778 1.423528 1.413543 1.410114 
1.404940 1.396641 1.374993 1.367238 
1.378780 1.359599 1.356719 1.342479 
1.353279 1.334521 1.330519 1.313215 
1.317180 1.359964 1.318483 1.350850 
1.359124 1.290307 1.329413 1.329795 
1.307883 1.360076 1.399145 1.339353 
1.299631 1.338002 1.320614 1.260705 
1.244209 1.283659 1.321582 1.309183 
1.220568 1.170108 1.148945 1.134084 
1.193997 1.068031 1.062251 1.019288 
0.980316 0.938804 0.950149 0.982759 
0.963726 0.961140 0.953996 0.948787 
0.939298 0.960165 0.965790 0.928197 
0.921409 0.912745 0.902550 0.895786 
0.889578 0.878891 0.877569 0.871396 
0.862787 0.858517 0.852673 0.844526 
0.807081 0.787702 0.792028 0.765171 
0.776658 0.774100 0.764739 0.771608 
0.777603 0.757248 0.747089 0.737618 
0.735916 0.714520 0.761631 0.772561 
0.766869 0.720383 0.754755 0.762926 
0.727111 0.713550 0.739137 0.774274 
0.749558 0.755532 0.723639 0.730891 
0.742977 0.730293 0.748542 0.732174 
0.743422 0.737057 0.817003 0.792797 
0.813697 0.851936 0.798472 0.866419 
0.822904 0.860437 0.884919 0.874243 
0.892429 0.875644 0.881280 0.879270 
0.923853 0.915043 0.903250 0.889540 
0.876380 0.866142 0.856422 0.851903 
0.848732 0.871366 0.898086 0.907463 
0.944083 1.020665 1.042997 1.077941 
1.105291 1.132343 1.164009 1.164051 
1.261000 1.282345 1.352868 1.234273 
1.327362 1.370266 1.220598 1.498677 
1.242283 1.331422 1.504632 1.525932 
1.588467 1.326911 1.398083 1.594217 
1.439082 1.621616 1.293954 1.338631 
1.455271 1.468885 1.716593 1.735383 
1.510557 1.751008 1.279619 1.758232 
1.273907 1.268750 1.280138 1.516782 
1.573613 1.265087 1.253756 1.522227 
1.779591 1.594511 1.242962 1.248681 
1.595258 1.790579 1.792486 1.243968 
1.794499 1.569175 1.235721 1.568398 
1.574276 1.234338 1.250266 1.573276 
1.630692 1.581248 1.225252 1.624705 
1.581209 1.580664 1.809232 1.630167 
1.631454 1.579085 1.640783 1.594328 
1.595743 1.573459 1.223380 1.218065 
1.246294 1.590394 1.240835 1.585590 
1.220360 1.225437 1.228214 1.587408 
1.233562 1.650066 1.636315 1.231603 
1.231343 1.582019 1.583867 1.227039 
1.221710 1.668467 1.653300 1.611162 
1.237204 1.242869 1.242018 1.584372 
1.693087 1.248896 1.681339 1.259667 
1.681295 1.264661 1.638382 1.520635 
1.260351 1.670698 1.256329 1.224903 
1.274255 1.316448 1.202583 1.223367 
1.339087 1.203932 1.613813 1.547528 
1.220788 1.228471 1.191189 1.252969 
1.559811 1.239360 1.177857 1.212953 
1.233406 1.246953 1.261345 1.250580 
1.277090 1.305650 1.324614 1.327597 
1.351728 1.383222 1.454407 1.460201 
1.459809 1.458182 1.455518 1.451225 
1.435590 1.423046 1.413964 1.359842 
1.349296 1.318194 1.269086 1.228061 
1.194022 1.161635 1.140973 1.122642 
1.101041 1.086669 1.083594 1.071410 
1.061316 1.047931 1.047288 1.039119 
1.044677 1.054154 0.978167 0.907433 
1.015439 0.882878 0.946947 0.932363 
0.927044 1.055048 0.926577 1.054639 
1.053948 1.057137 1.106787 1.092525 
1.112081 1.147344 1.209339 1.248601 
1.281343 1.310904 1.341894 1.422558 
1.489420 1.525025 1.547993 1.631439 
1.666680 1.596751 1.749893 1.704259 
1.617116 1.881760 1.786626 1.672644 
1.790546 1.836278 1.768477 1.806221 
1.827606 1.691668 1.687632 1.845513 
1.845613 1.848446 1.989085 1.991132 
2.039948 2.063465 1.764221 1.881671 
1.949696 1.806909 1.823386 2.069598 
1.802302 1.786891 1.800188 1.806131 
1.770327 1.777347 1.711137 1.744193 
1.751665 1.740639 1.730921 1.820797 
1.829559 1.821888 1.828519 1.850920 
1.842939 1.843646 1.841987 1.840610 
1.837956 1.818856 1.814598 1.808268 
1.803788 1.799703 1.794426 1.791806 
1.788758 1.785118 1.783253 1.779184 
1.777437 1.819554 1.777575 1.782921 
1.785902 1.837774 1.758118 1.774929 
1.780943 1.784836 1.780161 1.769623 
1.771165 1.782529 1.790028 1.769350 
1.774423 1.788279 1.781567 1.769140 
1.797519 1.797095 1.767850 1.812254 
1.786035 1.775078 1.799038 1.768790 
1.746760 1.719328 1.796906 1.779531 
1.782472 1.812036 1.795973 1.745551 
1.744492 1.746154 1.811123 1.749563 
1.753802 1.750927 1.749163 1.749607 
1.801891 1.806468 1.776305 1.721516 
1.718613 1.750189 1.809995 1.740127 
1.733028 1.738732 1.704101 1.739528 
1.735087 1.740054 1.658357 1.722665 
1.729260 1.602996 1.668257 1.533947 
1.439979 1.282604 1.318704 1.314766 
0.981860 1.043849 0.912988 1.045715 
0.972262 0.753762 0.934273 0.814637 
0.835694 0.781840 0.644334 0.548732 
0.603627 0.305379 0.240400 0.340587 
0.174339 0.061694 0.070767 -0.293834 
-0.346176 -0.046019 -0.481519 -0.423353 
-0.586356 -0.820060 -0.592595 -0.925284 
-1.087548 -1.019790 -1.044969 -0.929822 
-1.161379 -1.024666 -1.038412 -1.117825 
-1.151560 -1.619076 -1.163569 -1.225910 
-1.320652 -1.355479 -1.360282 -1.365505 
-1.428482 -1.498061 -1.503898 -1.556947 
-1.569809 -1.572970 -1.939059 -1.654614 
-1.973824 -1.709248 -1.633194 -2.071948 
-1.719770 -1.513218 -1.723076 -1.768191 
-2.135191 -2.150589 -1.779144 -1.619143 
-1.826688 -2.202816 -2.224209 -2.236957 
-2.249388 -2.261461 -2.269442 -2.277708 
-2.288198 -2.294392 -2.296464 -2.292025 
-2.302513 -2.293711 -2.306667 -2.298570 
-2.322193 -2.321023 -2.328668 -2.332300 
-2.312486 -2.370703 -2.374031 -2.313230 
-2.301310 -2.331609 -2.417703 -2.449020 
-2.456101 -2.471958 -2.476951 -2.496496 
-2.506476 -2.497768 -2.498394 -2.407133 
-2.434761 -2.462437 -2.459539 -2.456544 
-2.449964 -2.451376 -2.434239 -2.360008 
-2.310788 -2.219848 -2.137919 -1.969083 
-1.974884 -2.046835 -2.102218 -2.136144 
-2.125697 -2.115135 -2.091626 -2.074309 
-2.067597 -2.058422 -2.053988 -2.038631 
-2.023623 -2.014482 -2.002878 -1.995868 
-1.988918 -1.980230 -1.972371 -1.967117 
-1.963696 -1.957097 -1.946581 -1.936496 
-1.929049 -1.921036 -1.881620 -1.903306 
-1.902955 -1.873583 -1.872076 -1.875751 
-1.850771 -1.863811 -1.870675 -1.867345 
-1.856918 -1.914201 -1.884343 -1.745799 
-1.815935 -1.887837 -1.772117 -1.806490 
-1.711166 -1.699584 -1.782793 -1.707787 
-1.859525 -1.789938 -1.728872 -1.876128 
-1.717666 -1.587864 -1.577783 -1.789767 
-1.560270 -1.558568 -1.669367 -1.592954 
-1.490993 -1.581250 -1.390098 -1.385483 
-1.548823 -1.258996 -1.192667 -1.264445 
-1.201373 -0.991817 -1.237740 -0.879841 
-0.780757 -0.664498 -0.602930 -0.676374 
-0.538002 -0.539323 -0.497191 -0.415011 
-0.421987 -0.394795 -0.380356 -0.419181 
-0.473775 -0.272454 -0.136143 -0.259365 
-0.348400 -0.068318 -0.174886 -0.152098 
-0.189987 -0.166680 -0.232498 -0.211837 
0.118061 -0.208414 -0.253921 -0.258485 
-0.238717 -0.243453 0.081278 0.251939 
0.103973 -0.096516 -0.091702 0.151466 
0.327306 0.325235 0.305018 0.312793 
0.324443 0.513586 0.543316 0.571331 
0.590486 0.605166 0.634038 0.653745 
0.677138 0.693902 0.716860 0.740530 
0.762375 0.782732 0.810712 0.837319 
0.857882 0.886728 0.909789 0.932566 
0.958512 0.990420 1.025227 1.071258 
1.124754 1.188610 1.227368 1.235777 
1.227212 1.183688 1.149977 1.132583 
1.120212 1.110519 1.092801 1.079707 
1.070438 1.060793 1.088486 1.079547 
1.070497 1.063563 1.055388 1.050835 
1.041831 1.039099 1.041843 1.035093 
1.043405 1.030325 1.039623 1.024916 
1.019010 1.018187 1.003203 1.020691 
1.008389 1.014194 1.001206 1.004309 
0.994875 0.998695 0.981046 0.954251 
0.985628 0.885503 0.914723 0.881265 
0.847101 0.763739 0.549644 0.508146 
0.313491 0.344591 0.286032 0.276557 
0.303319 0.088534 0.086538 0.255169 
0.001225 -0.030335 0.136628 0.065920 
-0.182935 0.031015 -0.342082 -0.359800 
-0.330515 -0.464034 -0.684664 -0.674937 
-0.609728 -0.962065 -0.726003 -1.126857 
-1.131182 -1.131741 -1.336165 -1.071599 
-1.351982 -1.409369 -1.575764 -1.573684 
-1.682845 -2.096271 -1.790618 -1.968893 
-2.061284 -2.039394 -2.252310 -2.227544 
-2.185916 -2.490472 -2.568390 -2.446171 
-2.381510 -2.265159 -2.802302 -2.829870 
-2.388737 -2.385113 -2.403474 -2.925124 
-2.780292 -2.796513 -2.499670 -2.511724 
-2.865648 -2.873735 -2.809786 -2.964690 
-2.717122 -2.943128 -2.943990 -3.003819 
-2.957502 -2.658616 -2.691787 -2.692368 
-2.693510 -2.686222 -2.678874 -2.663005 
-2.652280 -2.649819 -2.639354 -2.627808 
-2.625869 -2.615682 -2.604145 -2.595022 
-2.582076 -2.566880 -2.547220 -2.543335 
-2.511153 -2.532455 -2.520584 -2.444776 
-2.450031 -2.471034 -2.481005 -2.378831 
-2.280504 -2.220669 -2.070705 -2.080095 
-2.088271 -2.085117 -2.093421 -2.081613 
-2.074768 -2.066071 -2.057821 -2.048139 
-2.039248 -2.029823 -2.022954 -2.017519 
-2.002991 -2.001252 -1.994529 -1.992021 
-1.986767 -1.980623 -1.975939 -1.970091 
-1.965569 -1.960094 -1.984918 -2.003968 
-2.017553 -2.041812 -2.038061 -2.036747 
-1.932556 -1.873208 -1.827505 -1.599839 
-1.656947 -1.600090 -1.485901 -1.602654 
-1.498153 -1.640230 -1.503126 -1.585376 
-1.547504 -1.629535 -1.591860 -1.512656 
-1.448507 -1.326221 -1.236062 -1.102139 
-1.023968 -1.283517 -0.995982 -1.104277 
-0.948283 -0.917086 -0.814350 -0.887015 
-0.769319 -0.584899 -0.683083 -0.535108 
-0.150756 -0.034193 0.021762 0.200355 
0.223544 0.337841 0.312056 0.392100 
0.389457 0.472908 0.419209 0.663323 
0.646030 0.773785 0.740350 0.735687 
0.745178 0.648802 0.809120 1.048074 
0.924991 0.907506 0.931449 1.018110 
1.047120 1.063554 1.105194 1.044870 
1.075915 1.082426 1.024657 1.253991 
1.238510 1.235171 1.317770 1.216267 
1.238351 1.226340 1.336639 1.380445 
1.406466 1.442464 1.510487 1.533712 
1.573749 1.588904 1.605860 1.616301 
1.630394 1.639923 1.654192 1.665506 
1.677790 1.685670 1.698648 1.707904 
1.718573 1.727891 1.736736 1.740530 
1.746238 1.747483 1.751032 1.752699 
1.735169 1.671314 1.615073 1.511543 
1.474182 1.409358 1.417057 1.390460 
1.372825 1.351467 1.325286 1.312072 
1.296553 1.280787 1.266918 1.248593 
1.234509 1.219151 1.234428 1.223923 
1.219344 1.202125 1.191467 1.174394 
1.225221 1.180000 1.193118 1.192897 
1.183890 1.137943 1.125274 1.126164 
1.141709 1.135126 1.118473 1.141451 
1.143545 1.188785 1.103236 0.990498 
0.995370 0.790162 0.787377 0.723922 
0.507874 0.837375 0.654343 0.630709 
0.583708 0.353114 0.732277 0.624401 
0.469107 0.493621 0.375778 0.195140 
0.003855 -0.133392 -0.176720 -0.304683 
-0.376742 -0.196321 -0.491688 -0.343059 
-0.247254 -0.493619 -0.624744 -1.074902 
-0.504547 -0.417690 -1.236093 -0.987613 
-0.863572 -0.558096 -1.051835 -1.110215 
-1.177844 -1.138642 -1.316051 -1.472678 
-1.438043 -1.827503 -1.761363 -1.689242 
-1.955924 -1.774383 -1.503346 -1.838192 
-2.142991 -1.919883 -1.821956 -1.940688 
-1.849226 -2.461594 -2.040473 -1.733230 
-2.380542 -2.192848 -2.371892 -2.055042 
-2.447159 -2.131385 -2.018500 -2.485886 
0.150087 0.146445 0.142499 0.144724 
0.151353 0.148285 0.144585 0.148380 
0.163006 0.147692 0.144018 0.144494 
0.144460 0.152116 0.306993 0.387052 
0.501332 0.572562 0.561480 0.669179 
0.760158 0.799018 0.893635 0.893651 
0.893241 0.893111 0.894432 0.894383 
0.894374 0.893771 0.894466 0.894556 
0.892229 0.892391 0.892174 0.892297 
0.979663 0.979669 0.979744 0.979508 
1.075513 1.222151 1.341690 1.466628 
1.637584 1.678209 1.894852 2.149831 
2.364001 2.597684 2.823653 2.454658 
2.655014 2.362037 2.549067 2.464205 
2.453165 2.428889 2.491217 2.446086 
2.461304 2.417919 2.361017 2.310216 
2.346119 2.289396 2.289699 2.268288 
2.206802 2.189531 2.157985 2.107730 
2.074391 1.969557 1.848424 1.830588 
1.735884 1.624937 1.634040 1.477579 
1.407518 1.404509 1.424507 1.592328 
1.503835 1.439056 1.461376 1.601267 
2.072908 1.599064 1.966298 1.754574 
1.347416 1.941514 1.379875 1.569317 
1.473151 2.150954 1.663522 1.631301 
1.554008 2.003998 2.001129 1.354950 
1.400600 1.322002 1.389929 1.629838 
1.295178 1.416582 1.454226 1.505301 
1.788165 1.281458 1.898933 1.472690 
1.527256 1.301096 1.781564 1.775631 
1.280763 1.275401 1.192453 1.364931 
1.458731 1.491179 1.532746 1.546351 
1.563445 1.734849 1.650958 1.602496 
1.707021 1.842004 1.917067 1.894520 
2.197674 2.505889 2.464807 2.506237 
2.401297 2.553894 2.608811 2.491919 
2.602707 2.530218 2.578008 2.798804 
2.906519 2.707609 2.700183 -3.048284 
2.754244 -3.010689 2.965383 2.860438 
-2.883472 2.879554 3.115904 -3.126941 
3.015128 -2.949281 -2.687876 -3.062049 
-3.075131 3.126968 -2.833125 -2.830041 
-2.796174 -2.733586 -3.075059 -3.115293 
-3.065245 -2.877720 -2.765891 -2.759712 
3.087607 3.081954 -2.980082 -2.999133 
2.989089 -2.994164 -3.094391 2.960500 
2.863201 -3.034385 -3.117555 -3.070745 
3.043581 -3.062687 -3.070095 2.893314 
3.103472 3.073854 3.133274 3.075154 
-3.124439 3.089084 3.045079 3.125577 
3.136680 3.018730 3.141465 3.028891 
3.035878 3.025834 3.057233 3.038211 
3.063004 3.127477 2.927953 -3.116758 
-3.121548 -3.039412 -2.863763 -2.877492 
-2.777851 -3.041333 -2.848905 -2.816676 
-3.071126 -2.897312 -2.780196 -2.807920 
-2.532919 -2.804527 -2.510428 -2.444280 
-2.511429 -2.529778 -2.617898 -2.361789 
-2.352190 -2.402269 -2.255388 -2.457412 
-2.519128 -2.754700 -2.680451 -2.720251 
-2.670718 -2.715629 -2.499740 -2.432981 
-2.586221 -2.533485 -2.590490 -2.174983 
-2.358708 -2.439378 -2.003752 -2.069079 
-2.366573 -2.366266 -2.145041 -2.035448 
-2.140585 -1.991942 -1.867893 -1.902852 
-1.844895 -2.171261 -2.055269 -1.842962 
-1.476329 -1.446096 -1.509634 -1.536943 
-1.398087 -1.299794 -1.185785 -1.217868 
-1.110526 -1.027042 -0.937468 -0.825703 
-0.702902 -0.460843 -0.136808 0.036532 
0.134551 0.180658 0.237787 0.256114 
0.397664 0.420755 0.452768 0.490852 
0.502927 0.536240 0.555626 0.485618 
0.609106 0.587096 0.590087 0.592995 
0.614171 0.589208 0.483535 0.425983 
0.517672 0.346789 0.347293 0.271252 
0.096488 -0.107522 -0.143033 -0.576304 
-0.642305 -0.656785 -0.753856 -0.770423 
-1.094753 -1.095213 -1.094865 -1.094112 
-1.095451 -1.095691 -1.093609 -1.095577 
-1.092740 -1.094984 -1.098849 -1.095382 
-1.092830 -1.094071 -1.093431 -1.093875 
-1.094011 -1.094345 -1.094557 -1.094782 
-1.093332 -1.093912 -1.095064 -1.094242 
-1.093110 -1.092386 -1.093533 -1.093570 
-1.008301 -0.898566 -0.819338 -0.876294 
-0.782492 -0.659965 -0.537752 -0.440451 
-0.462840 -0.346817 -0.450726 -0.543980 
-0.442093 -0.323175 -0.237392 -0.149886 
0.063378 -0.103641 -0.182727 -0.122840 
-0.038196 0.073075 0.156690 0.074148 
0.143423 0.289795 0.329155 0.436230 
0.501864 0.716777 0.764155 0.774025 
0.607610 0.705601 0.683407 0.678751 
0.723190 0.766221 0.403107 0.386129 
0.310782 0.314427 0.325262 0.319781 
0.305756 0.283284 0.146297 0.131964 
0.159740 0.166655 0.034273 0.062810 
-0.080343 -0.238171 -0.478117 -0.570347 
-0.769750 -0.907256 -1.171314 -1.427156 
-1.426822 -1.426961 -1.439068 -1.440263 
-1.438918 -1.438285 -1.437999 -1.437830 
-1.437973 -1.437817 -1.437815 -1.438179 
-1.438098 -1.438146 -1.437412 -1.437431 
-1.437202 -1.437954 -1.438159 -1.437360 
-1.437281 -1.437551 -1.437832 -1.437887 
-1.326164 -1.426148 -1.335670 -1.262057 
-1.173621 -1.047453 -0.958420 -0.842480 
-0.963087 -1.068357 -0.966716 -0.833901 
-0.935697 -0.789415 -0.807988 -0.766735 
-0.742831 -0.720018 -0.768627 -0.917935 
-0.661905 -0.816877 -0.787425 -0.812510 
-0.729890 -0.979611 -1.100275 -1.256721 
-1.274310 -1.327203 -1.319886 -1.282086 
-1.380838 -1.522487 -1.653959 -1.706057 
-1.672610 -1.696681 -1.692931 -1.694818 
-1.800480 -1.626469 -1.701770 -1.722671 
-1.588665 -1.811138 -1.841866 -1.867960 
-1.937627 -1.970005 -1.912227 -1.943112 
-2.020368 -2.052158 -2.092202 -2.095517 
-2.219937 -2.314618 -2.311646 -2.259384 
-2.310967 -2.295579 -2.449954 -2.484760 
-2.555771 -2.592060 -2.627689 -2.646930 
-2.663597 -2.667948 -2.673346 -2.680364 
-2.666539 -2.649662 -2.646746 -2.646537 
-2.620570 -2.584785 -2.567267 -2.472877 
-2.456493 -2.437611 -2.355669 -2.312964 
-2.349398 -2.391616 -2.319279 -2.360711 
-2.598763 -2.255050 -2.161102 -2.153073 
-2.319531 -2.549808 -2.471307 -2.289058 
-2.461044 -2.364070 -2.340113 -2.258091 
-2.176288 -2.062860 -2.149230 -2.010635 
-2.177654 -1.973048 -1.952689 -2.052743 
-2.000829 -2.129402 -2.494012 -2.522340 
-2.373699 -2.755288 -2.700091 -2.738175 
-2.737407 -3.041570 2.817719 2.692405 
2.571956 2.396778 2.358565 2.175980 
2.267849 2.113802 1.990687 2.126291 
1.888332 1.670444 1.638023 1.609627 
1.560315 1.510590 1.456612 1.440606 
1.415876 1.483284 1.468410 1.398028 
1.348592 1.512360 1.281374 1.402332 
1.362592 1.305356 1.216444 1.172969 
1.144120 1.238156 1.365695 1.120299 
1.309987 1.335131 1.304939 1.491955 
1.200873 1.710843 1.755387 1.874252 
2.140335 2.255114 2.149195 2.179836 
1.770460 2.037565 1.671763 2.072334 
1.555784 1.979932 1.637763 1.987002 
1.768333 1.596274 1.982483 1.956686 
2.234596 1.586351 1.577826 1.557911 
1.616566 1.671569 1.640468 1.998539 
1.742074 1.768789 2.247395 1.690882 
2.001438 2.458600 1.570212 1.736867 
1.847785 1.776445 1.831274 1.447634 
1.613837 1.692428 1.395152 1.529710 
1.204168 1.249765 0.763810 0.785653 
0.843730 0.758472 0.721760 0.691439 
0.774912 0.830578 0.793557 0.787690 
0.597626 0.724640 0.659500 0.577952 
0.604660 0.558011 0.527721 0.400999 
0.360515 0.349300 0.325600 0.218078 
0.007762 -0.165584 -0.456156 -0.702539 
-0.980376 -1.126686 -0.900876 -0.654918 
-0.654891 -0.716205 -0.716822 -0.717083 
-0.717597 -0.704778 -0.716450 -0.716861 
-0.705996 -0.808846 -0.706544 -0.717360 
-0.715164 -0.715950 -0.716080 -0.800514 
-0.716787 -0.715391 -0.717278 -0.719123 
-0.809473 -0.809414 -0.716453 -0.718837 
-0.718836 -0.813720 -1.052406 -1.252491 
-1.378858 -1.454125 -1.570189 -1.670690 
-1.875705 -1.658136 -1.998633 -1.638185 
-1.887632 -1.992272 -1.904158 -1.942390 
-1.924988 -1.776336 -1.882058 -1.947735 
-2.059200 -2.032988 -1.667100 -1.823198 
-1.904736 -1.845094 -1.682191 -1.635019 
-1.639112 -1.735814 -1.658294 -1.543762 
-1.770145 -1.704818 -1.475446 -1.810770 
-1.470853 -1.727103 -1.618136 -1.663593 
-1.666876 -1.586710 -1.569089 -1.700870 
-1.515606 -1.645284 -1.744189 -1.542024 
-1.701441 -1.535157 -2.227690 -1.789866 
-1.914784 -1.799391 -1.869927 -1.567944 
-1.988017 -1.852750 -1.733858 -2.214974 
-1.973342 -1.435045 -1.892008 -1.421471 
-1.357463 -1.655329 -1.288847 -1.785478 
-1.786083 -1.881280 -1.877120 -1.412058 
-1.824040 -1.840854 -1.344925 -1.335141 
-1.183881 -1.398077 -1.163296 -1.453924 
-1.272577 -0.798417 -0.801765 -0.804295 
-0.783635 -0.774231 -0.746441 -0.707576 
-0.701797 -0.646196 -0.641882 -0.572418 
-0.542379 -0.520244 -0.444798 -0.450544 
-0.455172 -0.342523 -0.304438 -0.261246 
-0.268706 -0.223969 -0.143060 0.315992 
0.479887 0.692533 0.980496 0.980414 
0.981149 0.981446 0.981006 0.980644 
0.980745 0.982874 0.982966 0.983086 
0.983136 0.982891 0.982950 0.982455 
0.982426 0.982889 0.982034 0.981589 
0.981836 0.983484 0.981544 0.983506 
0.983563 0.983538 0.983650 0.983644 
0.983914 0.983985 0.984968 1.065493 
1.293937 1.455772 1.711677 1.829783 
1.934523 1.988715 2.035216 2.243505 
2.183325 2.295040 2.075933 2.393605 
2.322753 2.333312 2.332029 2.229212 
2.164383 2.185270 2.163395 2.116745 
2.189663 2.030817 1.982981 1.913818 
2.013011 1.926342 1.798088 1.850347 
1.741594 1.931129 1.714043 2.022802 
1.842958 1.638637 1.912045 1.872000 
1.933320 1.915948 1.928478 1.997676 
1.937840 2.116001 2.024258 2.115117 
2.158560 2.218910 2.287410 1.907658 
2.285089 1.996443 2.274262 2.059192 
1.903219 2.034536 1.846887 1.768078 
1.830017 1.816633 1.939837 2.054856 
1.791948 1.799582 1.733321 1.565577 
1.883039 1.955918 2.093652 2.074287 
1.584955 1.684375 1.572096 1.550790 
1.568908 1.450628 1.291608 1.311348 
0.924954 0.943639 1.044536 0.586131 
0.607249 0.421276 0.437757 0.426827 
0.440224 0.424462 0.381475 0.359001 
0.343063 0.290565 0.254224 0.205302 
0.200981 0.128200 0.142095 0.100586 
0.049886 0.055552 0.059798 -0.015483 
-0.096492 -0.239982 -0.355415 -0.655557 
-0.830272 -1.159464 -1.159578 -1.159848 
-1.159351 -1.159443 -1.160568 -1.160666 
-1.160075 -1.158990 -1.158482 -1.158771 
-1.159462 -1.161693 -1.160933 -1.161081 
-1.161281 -1.161711 -1.159181 -1.157814 
-1.159298 -1.161293 -1.160893 -1.157221 
-1.158435 -1.161486 -1.161214 -1.061254 
-0.953635 -1.013132 -0.975981 -0.814603 
-0.878748 -1.056765 -1.145414 -1.132598 
-0.957050 -0.772764 -0.810287 -0.658015 
-0.618744 -0.665335 -0.501262 -0.530353 
-0.422577 -0.477815 -0.176010 -0.009481 
-0.085428 -0.172859 -0.346044 -0.171583 
-0.329489 -0.373957 -0.311029 -0.278891 
-0.293901 -0.330125 -0.267165 -0.124482 
-0.127143 -0.180719 -0.255797 -0.262765 
-0.493889 -0.585158 -0.763581 -0.883642 
-0.968703 -0.968110 -0.968241 -0.968432 
-0.968249 -0.968456 -0.881845 -0.881273 
-0.881943 -0.881766 -0.881905 -0.881738 
-0.967959 -0.968541 -0.967737 -0.982134 
-0.970117 -0.967318 -1.042980 -0.967789 
-0.966973 -0.967058 -0.966878 -1.042909 
-0.966907 -0.868792 -0.775063 -0.720618 
-0.659570 -0.671282 -0.576095 -0.474803 
-0.315224 -0.215570 -0.157915 -0.094873 
-0.337386 -0.258793 -0.347136 -0.148751 
-0.118490 0.071240 0.034890 0.099096 
0.388671 0.167299 0.248256 0.379601 
0.246180 0.266318 0.161824 0.402121 
0.279325 0.333902 0.410350 0.228324 
0.320388 0.093530 0.007517 -0.086180 
-0.276969 -0.145860 -0.163556 -0.181199 
-0.196122 -0.134353 -0.121987 -0.087246 
-0.029730 0.161302 0.200518 0.194312 
0.251814 0.312742 0.283860 0.348691 
0.348875 0.388981 0.394369 0.318338 
0.627969 0.446943 0.565147 0.124965 
0.263334 0.332672 0.185820 0.203122 
-0.037326 0.232876 0.340205 0.259405 
0.264976 0.106912 0.238451 0.324056 
0.316739 0.288986 -0.000892 0.089739 
0.200288 0.213636 0.230504 0.287985 
0.250744 0.216143 -0.060406 0.210420 
-0.103923 -0.142975 -0.072044 0.160937 
0.135013 -0.146920 -0.167161 0.042953 
0.046190 0.206717 -0.165688 -0.126713 
0.104542 0.105608 0.105708 -0.128872 
0.105621 0.117165 -0.139583 0.118373 
0.116640 -0.128981 -0.113866 0.119791 
0.219084 0.145561 -0.091831 0.212244 
0.182035 0.190555 0.200612 0.255385 
0.264085 0.334278 0.403719 0.428031 
0.339855 0.259555 -0.089959 0.007956 
0.075388 0.407860 0.048708 0.465839 
0.090492 0.221480 0.315597 0.360353 
0.083295 0.596507 0.595734 0.405185 
0.437281 0.647953 0.785746 0.562501 
0.646348 0.954518 1.030219 1.027719 
0.769364 0.777330 0.727801 0.912692 
1.041341 0.874509 1.138452 0.857744 
1.084003 0.872164 0.956471 1.068887 
1.023660 1.254032 1.029806 1.156957 
1.161540 1.327911 1.360968 1.354289 
1.278321 1.044149 1.161675 1.436303 
1.134430 1.365554 1.324413 1.395853 
1.517386 1.402156 1.477664 1.725410 
1.806625 1.720000 1.836819 1.947546 
1.993896 2.079956 1.977316 2.119512 
2.170481 2.649717 2.971006 3.110280 
-3.081932 -3.063752 -3.015850 -2.983999 
-2.878738 -2.892257 -2.816969 -2.764086 
-2.880691 -2.879450 -2.872411 -2.842461 
-2.851102 -2.794363 -2.805333 -2.820498 
-2.818867 -2.848160 -2.883022 -2.911417 
-2.935071 -2.957741 -2.990519 -3.077559 
3.104966 3.138484 -3.016150 -2.733698 
-2.948412 -2.692591 -2.897405 -2.873451 
-2.885625 -3.095805 -2.979035 3.113383 
3.107221 3.066014 2.915980 3.008798 
3.012232 2.784896 2.831112 2.915917 
2.854114 2.923457 2.903923 2.756375 
2.658560 2.619488 2.714549 2.607921 
2.724520 2.943407 2.850041 2.862384 
3.078680 2.780867 2.870850 2.895316 
2.827091 2.859665 2.854365 2.883035 
2.981032 3.132866 -3.068133 3.140745 
-3.139121 3.098750 3.103512 3.136268 
2.896293 2.771287 -2.962813 -3.094592 
-3.112897 -2.994162 -2.910443 -3.109945 
-3.051996 -2.997870 3.111042 3.091501 
3.105084 3.050758 -2.959893 -3.025080 
-3.054288 -3.046206 -3.119237 3.031911 
2.998062 3.097291 3.012080 3.022208 
3.039402 -3.104637 -3.008736 -2.933137 
-2.887224 -2.835216 -2.814015 -2.791466 
-2.793003 -2.770976 -2.781414 -2.795654 
-2.809934 -2.835703 -2.839049 -2.882113 
-2.933307 -3.100602 -3.055306 -3.061826 
3.132178 2.970402 -3.026287 -3.084040 
-3.113195 3.131468 -3.108910 -3.093266 
3.134456 3.058408 3.014456 3.056748 
3.112280 3.108724 -3.103787 -3.030240 
-3.127998 -3.101075 -2.867217 -2.994753 
-2.902406 -2.730315 -2.866074 -2.810710 
-2.765665 -2.658689 -2.903640 -2.875990 
-2.885264 -3.017091 -3.044316 -2.832291 
-2.863347 -3.048462 3.077266 3.109021 
-2.966083 -2.974766 -3.012846 -3.122986 
2.974852 3.042340 -3.117642 -3.035963 
-2.919374 -3.045846 -2.932664 -2.915718 
-2.737250 -2.574398 -2.525240 -2.636957 
-2.452716 -2.130610 -1.927233 -1.637486 
-1.670192 -1.487111 -1.337758 -1.322955 
-1.379951 -1.247038 -1.015808 -1.122226 
-1.243434 -0.999076 -1.209782 -1.096533 
-1.080322 -1.254805 -1.192257 -1.167574 
-1.070778 -1.092080 -1.234537 -1.277673 
-1.100659 -1.428755 -1.202376 -1.566921 
-1.486495 -1.499462 -1.473268 -1.513601 
-1.455481 -1.212923 -1.814058 -1.492774 
-1.375483 -1.365891 -1.220394 -1.487646 
-1.011339 -1.229041 -1.424492 -0.787695 
-1.149652 -0.897848 -0.760064 -0.852266 
-0.849671 -1.319569 -0.943448 -0.891518 
-1.047916 -0.983709 -1.082747 -1.116315 
-1.131580 -1.132437 -0.976756 -0.985924 
-0.989251 -1.256702 -1.187984 -1.168695 
-1.268626 -1.039453 -1.181742 -1.080426 
-0.936369 -0.970135 -1.233360 -1.077967 
-1.155063 -1.154993 -1.238894 -1.071858 
-0.940446 -1.163368 -1.168681 -1.166191 
-1.160948 -1.160592 -1.159982 -1.160192 
-1.160229 -1.165071 -1.165316 -1.167560 
-1.160017 -1.186274 -1.172893 -1.193658 
-1.195165 -1.177966 -1.182000 -1.171625 
-1.276203 -1.403903 -1.279407 -1.152763 
-1.114295 -0.948319 -0.909411 -1.020044 
-0.906822 -1.008243 -0.901118 -0.796445 
-0.719344 -0.647626 -0.530176 -0.205469 
0.339030 0.571278 0.653213 0.756600 
0.807230 0.855312 0.897623 0.977776 
0.705802 1.026118 1.072740 1.039494 
0.879383 1.360419 1.435941 1.757894 
1.713204 1.712987 1.713083 1.712955 
1.757971 1.757721 1.758093 1.757969 
1.758984 1.757983 1.757951 1.758277 
1.757386 1.757289 1.757873 1.757045 
1.757080 1.757020 1.757798 1.757630 
1.757270 1.757447 1.759025 1.757792 
1.758439 1.756676 1.755854 1.757709 
1.756116 1.758803 1.651106 1.780080 
1.825383 2.205168 2.405822 2.661297 
2.728761 2.729968 2.824234 2.919413 
2.937797 2.960454 3.094632 -3.049362 
-3.053532 -3.066167 3.141292 -2.980230 
3.017436 2.902751 2.866631 3.034532 
2.882628 2.806476 2.882616 2.679562 
2.920677 2.892469 2.582197 2.775502 
2.543727 2.458745 2.530888 2.749522 
2.768777 2.476624 2.542753 2.428580 
2.392116 2.343172 2.357313 2.705547 
2.453341 2.637599 2.591994 2.596453 
2.752721 2.708782 2.784697 2.913780 
2.716504 2.694541 2.527820 2.670140 
2.803055 2.595243 2.534920 2.535197 
2.507707 2.514077 2.704376 2.673993 
2.283984 2.662290 2.604471 2.765019 
2.555627 2.856985 2.436089 2.297917 
2.497778 2.471087 2.444373 2.394723 
2.149455 2.070544 1.978619 1.824977 
1.866822 1.446292 1.478672 1.479394 
1.500583 1.178408 1.245949 1.177185 
1.172229 1.133639 1.109113 1.082749 
1.066769 1.025747 1.005463 0.968377 
0.940368 0.896048 0.834403 0.792253 
0.778545 0.732433 0.700194 0.700758 
0.673206 0.471787 0.165806 0.004571 
-0.209779 -0.543354 -0.629604 -0.610578 
-0.610367 -0.558390 -0.559611 -0.558239 
-0.559454 -0.558822 -0.481280 -0.480981 
-0.480886 -0.480986 -0.481574 -0.480285 
-0.480077 -0.482596 -0.481038 -0.480895 
-0.481142 -0.479568 -0.468880 -0.482175 
-0.479058 -0.479845 -0.480032 -0.481710 
-0.480050 -0.468797 -0.480178 -0.470370 
-0.480274 -0.580660 -0.704300 -1.021664 
-1.221369 -1.205130 -1.329539 -1.362234 
-1.445946 -1.697415 -1.622899 -1.849984 
-1.758147 -1.891245 -1.967117 -1.728442 
-1.941000 -1.725889 -1.629564 -2.028386 
-1.742532 -1.587230 -1.659135 -1.510293 
-1.460268 -1.542748 -1.621954 -1.518932 
-1.267191 -1.474938 -1.129799 -1.454245 
-1.054115 -1.066336 -1.077785 -1.524086 
-1.002010 -1.361907 -1.432536 -1.216552 
-1.278584 -1.670184 -1.088784 -1.647166 
-1.757735 -1.839084 -1.796224 -1.000671 
-1.756157 -1.782191 -1.743760 -1.831749 
-1.624194 -1.918065 -1.307837 -1.808898 
-1.579567 -1.163880 -1.249250 -1.224248 
-0.996428 -1.123218 -1.040031 -1.158586 
-1.344465 -1.622351 -1.063646 -1.075388 
-1.186034 -1.450983 -1.469752 -1.322023 
-1.386783 -1.308706 -1.164920 -1.031051 
-0.963428 -0.434699 -0.007750 -0.034007 
-0.063288 0.203376 0.182943 0.348950 
0.325868 0.325989 0.358381 0.365712 
0.421906 0.424024 0.437912 0.473742 
0.496286 0.522488 0.619849 0.585798 
0.658414 0.746233 0.682495 0.769710 
0.786219 0.813449 0.759939 0.837514 
0.969174 1.238049 1.192205 1.389962 
1.595790 1.595921 1.490070 1.490302 
1.488022 1.488758 1.488579 1.488706 
1.489031 1.488117 1.487807 1.488317 
1.488454 1.488424 1.488092 1.488197 
1.488319 1.488168 1.487989 1.488402 
1.488414 1.487931 1.581084 1.749764 
1.938339 2.059213 2.177750 2.199479 
2.332837 2.379771 2.458703 2.129146 
2.685353 2.549027 2.247990 2.844207 
2.584492 2.676911 2.578370 2.714394 
2.597259 2.570988 2.662662 2.680464 
2.487436 2.536745 2.272121 2.294199 
2.331920 2.417238 2.249257 2.100191 
2.230467 2.149936 2.130081 2.178042 
2.221342 2.348697 2.226533 2.431309 
1.987809 2.009271 1.863130 2.151410 
2.254724 2.300430 2.283117 2.333987 
2.275411 2.083884 2.323827 2.320146 
2.113841 2.066922 2.041366 2.039724 
2.313428 2.300882 2.138051 2.123242 
2.050489 2.145439 1.948852 2.075785 
2.092712 2.066862 2.128028 1.913455 
2.184091 2.308754 2.211862 1.972486 
1.985860 1.940975 1.867597 1.784538 
1.716433 1.598512 1.377076 1.038751 
1.066263 1.119452 0.704117 0.705690 
0.518938 0.530088 0.545611 0.499472 
0.487577 0.456262 0.431410 0.402894 
0.362763 0.320661 0.310854 0.265911 
0.236665 0.204649 0.191802 0.125112 
0.099476 0.036214 -0.022440 -0.060913 
-0.177708 -0.467202 -0.761263 -1.122114 
-1.287755 -1.011086 -0.948109 -0.947266 
-0.925557 -0.946931 -0.946614 -0.947437 
-0.946158 -0.946694 -0.946900 -0.949492 
-0.948998 -0.948517 -0.946600 -0.949561 
-0.949224 -0.948759 -0.948678 -0.950498 
-0.915370 -0.949255 -0.947883 -0.948727 
-0.948941 -0.950245 -0.947322 -0.946761 
-0.947252 -0.949425 -1.309424 -1.735279 
-1.895493 -2.138261 -2.118184 -2.255137 
-2.253834 -2.442236 -2.311373 -2.285299 
-2.258803 -2.141196 -2.416645 -2.319084 
-2.322750 -2.164026 -2.693135 -2.268891 
-2.138884 -2.236166 -1.979916 -2.075202 
-1.855939 -1.945152 -1.971409 -1.780990 
-1.782029 -1.992055 -1.796954 -2.114306 
-1.810630 -2.007820 -1.552674 -1.751302 
-2.305087 -2.645502 -1.928637 -2.133527 
-2.100689 -2.774646 -2.061101 -2.292999 
-2.133024 -2.558248 -2.242263 -2.247816 
-2.162602 -1.920482 -2.122329 -2.127925 
-1.974443 -2.143021 -2.345891 -2.067925 
-1.745458 -2.050008 -2.241839 -2.162553 
-2.159205 -1.877424 -2.137413 -2.162820 
-1.952342 -1.974736 -1.919615 -2.216815 
-1.989222 -2.075918 -2.165645 -1.818091 
0.000000 0.000000 0.000000 0.000000 
0.000000 0.000000 0.000000 0.000000 
0.000001 0.000003 0.000007 0.000017 
0.000042 0.000083 0.000108 0.000043 
0.000011 0.100000 0.100000 0.100000 
0.100000 0.100000 0.052775 0.048689 
0.045431 0.042312 0.039021 0.036252 
0.033968 0.031733 0.029877 0.028124 
0.025319 0.024232 0.023125 0.022089 
0.021689 0.015963 0.015353 0.014775 
0.014250 0.009982 0.005723 0.002753 
0.001194 0.100000 0.000000 0.000000 
0.000000 0.000000 0.000000 0.000001 
0.000000 0.000002 0.000000 0.000003 
0.000000 0.000000 0.000000 0.000000 
0.000000 0.000000 0.000000 0.000000 
0.000000 0.000000 0.000000 0.000000 
0.000000 0.000000 0.000000 0.000000 
0.000000 0.000000 0.000000 0.000000 
0.000000 0.000000 0.000000 0.000000 
0.000000 0.000000 0.000000 0.100000 
0.100000 0.100000 0.100000 0.100000 
0.100000 0.100000 0.100000 0.100000 
0.000000 0.000000 0.100000 0.100000 
0.100000 0.100000 0.100000 0.100000 
0.100000 0.100000 0.100000 0.100000 
0.100000 0.100000 0.100000 0.100000 
0.100000 0.100000 0.100000 0.100000 
0.100000 0.100000 0.100000 0.100000 
0.100000 0.100000 0.100000 0.100000 
0.100000 0.100000 0.100000 0.100000 
0.100000 0.100000 0.100000 0.100000 
0.100000 0.100000 0.100000 0.100000 
0.100000 0.100000 0.100000 0.100000 
0.100000 0.100000 0.100000 0.100000 
0.100000 0.100000 0.100000 0.100000 
0.100000 0.100000 0.100000 0.100000 
0.100000 0.100000 0.100000 0.100000 
0.100000 0.100000 0.100000 0.100000 
0.100000 0.100000 0.100000 0.100000 
0.100000 0.100000 0.100000 0.100000 
0.100000 0.100000 0.100000 0.100000 
0.100000 0.100000 0.100000 0.100000 
0.100000 0.100000 0.100000 0.100000 
0.100000 0.100000 0.100000 0.100000 
0.100000 0.100000 0.100000 0.100000 
0.100000 0.100000 0.100000 0.100000 
0.100000 0.100000 0.100000 0.100000 
0.100000 0.100000 0.100000 0.100000 
0.100000 0.100000 0.100000 0.100000 
0.100000 0.100000 0.100000 0.100000 
0.100000 0.100000 0.100000 0.100000 
0.100000 0.100000 0.100000 0.100000 
0.100000 0.100000 0.100000 0.100000 
0.100000 0.100000 0.100000 0.100000 
0.100000 0.100000 0.100000 0.100000 
0.100000 0.100000 0.100000 0.100000 
0.100000 0.100000 0.100000 0.100000 
0.100000 0.100000 0.100000 0.100000 
0.100000 0.100000 0.100000 0.100000 
0.100000 0.100000 0.100000 0.100000 
0.100000 0.100000 0.100000 0.100000 
0.100000 0.100000 0.100000 0.100000 
0.100000 0.100000 0.100000 0.100000 
0.100000 0.100000 0.100000 0.100000 
0.100000 0.100000 0.100000 0.100000 
0.100000 0.100000 0.100000 0.100000 
0.100000 0.100000 0.100000 0.000000 
0.000000 0.000000 0.000000 0.000000 
0.000000 0.000000 0.000000 0.000000 
0.000000 0.000000 0.000000 0.000000 
0.000000 0.000000 0.000000 0.000000 
0.000000 0.000000 0.000000 0.000000 
0.000000 0.000000 0.000000 0.000000 
0.000000 0.000000 0.000000 0.000000 
0.000000 0.000000 0.000000 0.100000 
0.100000 0.100000 0.100000 0.100000 
0.100000 0.100000 0.100000 0.100000 
0.000000 0.000000 0.100000 0.100000 
0.100000 0.100000 0.100000 0.100000 
0.100000 0.100000 0.100000 0.100000 
0.100000 0.000000 0.000000 0.000000 
0.000000 0.000000 0.100000 0.100000 
0.100000 0.100000 0.100000 0.100000 
0.100000 0.100000 0.000000 0.000000 
0.000000 0.000000 0.000000 0.000000 
0.000000 0.000000 0.000000 0.000000 
0.000000 0.000000 0.000000 0.000000 
0.000000 0.000000 0.000000 0.000000 
0.100000 0.100000 0.100000 0.000000 
0.100000 0.100000 0.100000 0.100000 
0.100000 0.100000 0.100000 0.100000 
0.100000 0.100000 0.100000 0.100000 
0.100000 0.000000 0.000000 0.000000 
0.000000 0.000000 0.000000 0.000000 
0.000000 0.000000 0.000000 0.000000 
0.000000 0.000000 0.000000 0.000000 
0.000000 0.000000 0.000000 0.000000 
0.000000 0.000000 0.000000 0.000000 
0.000000 0.000000 0.000000 0.000000 
0.000000 0.000000 0.000000 0.000000 
0.000000 0.000000 0.000000 0.000000 
0.000000 0.000000 0.000000 0.000000 
0.000000 0.000000 0.000000 0.000000 
0.000000 0.000000 0.000000 0.000000 
0.000000 0.000000 0.000000 0.000000 
0.000000 0.000000 0.000000 0.000000 
0.000000 0.000000 0.000000 0.000000 
0.000000 0.000000 0.000000 0.000000 
0.000000 0.000000 0.000000 0.000000 
0.000000 0.000000 0.000000 0.000000 
0.100000 0.100000 0.100000 0.100000 
0.100000 0.100000 0.000000 0.000000 
0.000000 0.000000 0.000000 0.000000 
0.000000 0.000000 0.000000 0.000000 
0.000000 0.000000 0.000000 0.000000 
0.100000 0.100000 0.100000 0.100000 
0.100000 0.100000 0.000000 0.000000 
0.000000 0.000000 0.000000 0.000000 
0.000000 0.000000 0.000000 0.000000 
0.000000 0.000000 0.000000 0.000000 
0.100000 0.100000 0.000000 0.000000 
0.000000 0.000000 0.000000 0.000000 
0.000000 0.000000 0.000000 0.000000 
0.000000 0.000000 0.000000 0.000000 
0.000000 0.000000 0.000000 0.000000 
0.000000 0.000000 0.000000 0.000000 
0.000000 0.100000 0.100000 0.100000 
0.100000 0.100000 0.100000 0.100000 
0.100000 0.100000 0.100000 0.100000 
0.100000 0.100000 0.100000 0.100000 
0.100000 0.100000 0.100000 0.100000 
0.100000 0.100000 0.100000 0.100000 
0.100000 0.100000 0.100000 0.100000 
0.100000 0.100000 0.100000 0.100000 
0.100000 0.100000 0.100000 0.100000 
0.100000 0.100000 0.100000 0.100000 
0.100000 0.100000 0.100000 0.100000 
0.100000 0.000000 0.000000 0.000000 
0.000000 0.000000 0.000000 0.000000 
0.000000 0.000000 0.000000 0.000000 
0.000000 0.000000 0.100000 0.100000 
0.100000 0.100000 0.100000 0.100000 
0.100000 0.100000 0.100000 0.100000 
0.100000 0.100000 0.100000 0.100000 
0.100000 0.100000 0.100000 0.000000 
0.000000 0.000000 0.100000 0.100000 
0.100000 0.100000 0.100000 0.100000 
0.100000 0.100000 0.100000 0.100000 
0.100000 0.100000 0.100000 0.100000 
0.100000 0.100000 0.100000 0.100000 
0.100000 0.100000 0.100000 0.100000 
0.100000 0.100000 0.100000 0.100000 
0.100000 0.100000 0.100000 0.100000 
0.100000 0.100000 0.100000 0.100000 
0.000000 0.000000 0.000000 0.000000 
0.000000 0.000000 0.000000 0.000000 
0.000000 0.000000 0.000000 0.000000 
0.000000 0.000000 0.000000 0.000000 
0.000000 0.000000 0.000000 0.000000 
0.000000 0.000000 0.000000 0.000000 
0.000000 0.000000 0.000000 0.000000 
0.000000 0.000000 0.000000 0.000000 
0.000000 0.000000 0.000000 0.000000 
0.000000 0.000000 0.000000 0.000000 
0.000000 0.000000 0.000000 0.000000 
0.100000 0.100000 0.100000 0.100000 
0.100000 0.100000 0.100000 0.100000 
0.100000 0.100000 0.100000 0.100000 
0.100000 0.100000 0.100000 0.100000 
0.100000 0.100000 0.100000 0.100000 
0.100000 0.100000 0.100000 0.100000 
0.100000 0.100000 0.100000 0.100000 
0.100000 0.100000 0.100000 0.100000 
0.100000 0.100000 0.100000 0.100000 
0.100000 0.100000 0.100000 0.100000 
0.100000 0.100000 0.100000 0.100000 
0.100000 0.100000 0.100000 0.100000 
0.100000 0.100000 0.100000 0.100000 
0.100000 0.100000 0.100000 0.100000 
0.100000 0.100000 0.100000 0.100000 
0.100000 0.100000 0.100000 0.100000 
0.100000 0.100000 0.100000 0.100000 
0.100000 0.100000 0.100000 0.100000 
0.100000 0.100000 0.100000 0.100000 
0.100000 0.100000 0.100000 0.100000 
0.100000 0.100000 0.100000 0.100000 
0.100000 0.100000 0.100000 0.100000 
0.100000 0.100000 0.100000 0.100000 
0.100000 0.100000 0.100000 0.100000 
0.000000 0.000000 0.000000 0.000000 
0.000000 0.000000 0.000000 0.000000 
0.000000 0.000000 0.000000 0.000000 
0.000000 0.000000 0.000000 0.000000 
0.100000 0.100000 0.100000 0.100000 
0.100000 0.100000 0.100000 0.100000 
1.192978 0.856971 0.566594 0.285543 
0.284900 0.288246 0.286797 0.290958 
0.284151 0.267978 0.264121 0.261699 
0.255801 0.254828 0.253522 0.247527 
0.243329 0.237761 0.232742 0.228045 
0.225544 0.219137 0.213128 0.210084 
0.205087 0.201595 0.197990 0.195351 
0.193447 0.189420 0.178278 0.184659 
0.191316 0.102318 0.154499 0.019194 
0.028344 0.100000 0.100000 0.100000 
0.100000 0.100000 0.100000 0.100000 
0.100000 0.100000 0.100000 0.100000 
0.100000 0.100000 0.100000 0.100000 
0.100000 0.100000 0.100000 0.100000 
0.100000 0.100000 0.100000 0.100000 
0.100000 0.100000 0.100000 0.100000 
0.100000 0.100000 0.100000 0.100000 
0.100000 0.000000 0.000000 0.100000 
0.100000 0.100000 0.100000 0.100000 
0.100000 0.100000 0.100000 0.100000 
0.100000 0.100000 0.100000 0.100000 
0.100000 0.100000 0.100000 0.100000 
0.100000 0.100000 0.100000 0.100000 
0.100000 0.100000 0.100000 0.100000 
0.100000 0.100000 0.100000 0.100000 
0.100000 0.100000 0.100000 0.100000 
0.100000 0.000000 0.000001 0.000012 
0.000010 0.000108 0.000088 0.000253 
0.002502 0.003247 0.021642 0.022811 
0.027495 0.040821 0.055967 0.085958 
0.121068 0.173251 0.269312 0.378122 
0.483567 0.644730 0.856467 0.983183 
1.177392 1.340975 1.400288 1.362947 
1.266637 1.013106 0.659446 0.079458 
0.071065 0.005612 0.001143 0.000893 
0.000690 0.000543 0.000416 0.000324 
0.000240 0.000194 0.000155 0.000121 
0.000098 0.000067 0.000053 0.000044 
0.000037 0.000030 0.100000 0.100000 
0.100000 0.100000 0.100000 0.100000 
0.100000 0.100000 0.100000 0.100000 
0.100000 0.100000 0.100000 0.100000 
0.100000 0.100000 0.100000 0.100000 
0.100000 0.100000 0.100000 0.100000 
0.100000 0.100000 0.100000 0.100000 
0.100000 0.100000 0.100000 0.100000 
0.100000 0.100000 0.100000 0.100000 
0.100000 0.009775 0.039899 0.147880 
0.280920 0.313303 0.227899 0.151917 
0.099851 0.049135 0.034114 0.017307 
0.009310 0.006496 0.004359 0.001687 
0.000612 0.000429 0.000302 0.000227 
0.000171 0.000122 0.000093 0.000070 
0.000051 0.000040 0.000031 0.000023 
0.100000 0.100000 0.100000 0.100000 
0.100000 0.100000 0.100000 0.100000 
0.100000 0.100000 0.100000 0.100000 
0.100000 0.100000 0.100000 0.100000 
0.100000 0.100000 0.100000 0.100000 
0.100000 0.100000 0.100000 0.100000 
0.100000 0.100000 0.100000 0.100000 
0.100000 0.100000 0.100000 0.100000 
0.100000 0.100000 0.100000 0.100000 
0.100000 0.100000 0.100000 0.100000 
0.100000 0.100000 0.100000 0.100000 
0.100000 0.000000 0.000000 0.000000 
0.000000 0.019343 0.056230 0.122104 
0.189983 0.243623 0.245913 0.209074 
0.172136 0.185165 0.187583 0.135824 
0.086752 0.054479 0.043199 0.026638 
0.011107 0.003589 0.000946 0.100000 
0.100000 0.100000 0.100000 0.100000 
0.100000 0.100000 0.100000 0.100000 
0.100000 0.100000 0.100000 0.100000 
0.100000 0.100000 0.100000 0.100000 
0.100000 0.100000 0.100000 0.100000 
0.100000 0.100000 0.100000 0.100000 
0.100000 0.100000 0.100000 0.100000 
0.100000 0.100000 0.100000 0.100000 
0.100000 0.100000 0.100000 0.100000 
0.100000 0.100000 0.100000 0.100000 
0.100000 0.100000 0.100000 0.100000 
0.100000 0.100000 0.100000 0.100000 
0.100000 0.100000 0.100000 0.100000 
0.100000 0.100000 0.100000 0.100000 
0.100000 0.100000 0.100000 0.100000 
0.100000 0.100000 0.100000 0.100000 
0.100000 0.100000 0.100000 0.100000 
0.100000 0.100000 0.100000 0.100000 
0.100000 0.100000 0.100000 0.100000 
0.100000 0.100000 0.100000 0.100000 
0.100000 0.100000 0.100000 0.100000 
0.100000 0.100000 0.100000 0.100000 
0.100000 0.100000 0.100000 0.100000 
0.100000 0.100000 0.100000 0.100000 
0.100000 0.100000 0.100000 0.100000 
0.100000 0.100000 0.100000 0.100000 
0.100000 0.100000 0.100000 0.100000 
0.100000 0.100000 0.100000 0.100000 
0.100000 0.100000 0.100000 0.100000 
0.100000 0.100000 0.100000 0.000000 
0.000000 0.000000 0.000000 0.000000 
0.000000 0.000000 0.000000 0.000000 
0.000000 0.000000 0.000000 0.000000 
0.000000 0.000000 0.000000 0.000000 
0.000001 0.000001 0.000003 0.000012 
0.000022 0.000032 0.000094 0.000141 
0.000136 0.000129 0.000092 0.000076 
0.000061 0.000042 0.000031 0.000023 
0.000017 0.000014 0.000009 0.000008 
0.000005 0.100000 0.100000 0.100000 
0.100000 0.100000 0.001053 0.001032 
0.000981 0.000736 0.000995 0.001571 
0.002198 0.001181 0.003006 0.003509 
0.005532 0.006846 0.013892 0.026300 
0.036204 0.051702 0.058663 0.082381 
0.091769 0.074905 0.100000 0.058763 
0.038307 0.100000 0.100000 0.100000 
0.100000 0.171434 0.148780 0.143279 
0.145535 0.119566 0.088895 0.073799 
0.053713 0.163034 0.320778 0.595468 
0.900950 1.186594 1.494262 1.445401 
1.375734 1.225649 0.100000 0.100000 
0.100000 0.100000 0.100000 0.100000 
0.286149 0.250396 0.288869 0.269495 
0.241227 0.218696 0.214109 0.166625 
0.382611 0.749439 1.210272 1.655688 
1.385926 1.378484 0.823185 0.623684 
0.361403 0.157853 0.052399 0.017623 
0.006005 0.348270 0.399189 0.441770 
0.472718 0.494347 0.522131 0.509396 
0.504136 0.504251 0.485053 0.479784 
0.464155 0.100000 0.100000 0.100000 
0.100000 0.100000 0.100000 0.100000 
0.100000 0.100000 0.100000 0.100000 
0.100000 0.100000 0.100000 0.100000 
0.100000 0.100000 0.100000 0.100000 
0.100000 0.100000 0.100000 0.100000 
0.100000 0.100000 0.100000 0.100000 
0.100000 0.100000 0.100000 0.100000 
0.100000 0.100000 0.100000 0.100000 
0.100000 0.100000 0.100000 0.100000 
0.100000 0.100000 0.100000 0.100000 
0.100000 0.100000 0.100000 0.100000 
0.100000 0.100000 0.100000 0.100000 
0.100000 0.100000 0.100000 0.100000 
0.100000 0.100000 0.100000 0.100000 
0.100000 0.100000 0.100000 0.100000 
0.100000 0.100000 0.100000 0.100000 
0.100000 0.100000 0.100000 0.100000 
0.100000 0.100000 0.100000 0.100000 
0.100000 0.100000 0.100000 0.100000 
0.100000 0.100000 0.100000 0.100000 
0.100000 0.100000 0.100000 0.100000 
0.100000 0.100000 0.100000 0.100000 
0.100000 0.100000 0.100000 0.100000 
0.100000 0.100000 0.100000 0.100000 
0.100000 0.100000 0.100000 0.100000 
0.100000 0.100000 0.100000 0.100000 
0.100000 0.100000 0.100000 0.100000 
0.100000 0.100000 0.100000 0.100000 
0.100000 0.100000 0.100000 0.100000 
0.100000 0.100000 0.100000 0.100000 
0.100000 0.100000 0.100000 0.100000 
0.100000 0.100000 0.100000 0.100000 
0.100000 0.000000 0.000000 0.000000 
0.000000 0.000000 0.000000 0.000000 
0.000000 0.000000 0.100000 0.100000 
0.100000 0.100000 0.100000 0.100000 
0.100000 0.100000 0.100000 0.100000 
0.100000 0.100000 0.100000 0.100000 
0.100000 0.100000 0.000000 0.000000 
0.000000 0.000000 0.000000 0.000000 
0.000000 0.000000 0.000000 0.000000 
0.000009 0.000270 0.001318 0.002161 
0.003168 0.004589 0.004048 0.100000 
0.100000 0.100000 0.100000 0.100000 
0.100000 0.100000 0.000000 0.000000 
0.000000 0.000000 0.000000 0.000000 
0.000000 0.000000 0.000000 0.000000 
0.000000 0.000000 0.000000 0.000000 
0.000000 0.000000 0.000000 0.000000 
0.000000 0.000000 0.000000 0.000000 
0.000000 0.000000 0.100000 0.100000 
0.100000 0.100000 0.100000 0.100000 
0.100000 0.100000 0.100000 0.100000 
0.100000 0.100000 0.100000 0.100000 
0.100000 0.100000 0.100000 0.100000 
0.100000 0.100000 0.100000 0.100000 
0.100000 0.100000 0.100000 0.100000 
0.100000 0.100000 0.100000 0.100000 
0.100000 0.100000 0.100000 0.100000 
0.100000 0.100000 0.100000 0.100000 
0.100000 0.100000 0.100000 0.100000 
0.100000 0.100000 0.100000 0.100000 
0.000000 0.000000 0.000000 0.100000 
0.100000 0.100000 0.100000 0.100000 
0.100000 0.100000 0.100000 0.100000 
0.100000 0.100000 0.100000 0.100000 
0.100000 0.100000 0.100000 0.100000 
0.100000 0.100000 0.100000 0.100000 
0.100000 0.100000 0.100000 0.100000 
0.100000 0.100000 0.100000 0.100000 
0.100000 0.100000 0.100000 0.100000 
0.000000 0.100000 0.000000 0.000000 
0.000000 0.000000 0.000000 0.000000 
0.000000 0.000000 0.000000 0.000000 
0.000000 0.000000 0.000000 0.000000 
0.000000 0.000000 0.000000 0.000000 
0.000000 0.000000 0.000000 0.000000 
0.000000 0.000000 0.000000 0.000000 
0.000000 0.000000 0.000000 0.000000 
0.000000 0.000000 0.000000 0.000000 
0.000000 0.000000 0.000000 0.000000 
0.000000 0.000000 0.000000 0.000000 
0.000000 0.000000 0.000000 0.000000 
0.000000 0.100000 0.100000 0.100000 
0.100000 0.100000 0.100000 0.100000 
0.100000 0.100000 0.100000 0.100000 
0.100000 0.100000 0.100000 0.100000 
0.100000 0.100000 0.100000 0.100000 
0.100000 0.100000 0.100000 0.100000 
0.100000 0.100000 0.100000 0.100000 
0.100000 0.100000 0.100000 0.100000 
0.100000 0.100000 0.100000 0.100000 
0.100000 0.100000 0.100000 0.100000 
0.100000 0.100000 0.100000 0.100000 
0.100000 0.100000 0.100000 0.100000 
0.100000 0.100000 0.100000 0.100000 
0.100000 0.100000 0.100000 0.100000 
0.100000 0.100000 0.100000 0.100000 
0.100000 0.100000 0.100000 0.100000 
0.100000 0.100000 0.100000 0.100000 
0.100000 0.100000 0.100000 0.100000 
0.100000 0.100000 0.100000 0.100000 
0.100000 0.100000 0.100000 0.100000 
0.100000 0.100000 0.100000 0.100000 
0.100000 0.100000 0.100000 0.100000 
0.100000 0.100000 0.100000 0.100000 
0.100000 0.000000 0.000000 0.000000 
0.000000 0.000000 0.000000 0.000000 
0.000000 0.000000 0.000000 0.000000 
0.000000 0.000000 0.000000 0.000000 
0.000000 0.000000 0.000000 0.000000 
0.000000 0.100000 0.100000 0.100000 
0.100000 0.100000 0.100000 0.100000 
0.100000 0.100000 0.000000 0.000000 
0.000000 0.000000 0.000000 0.000000 
0.000000 0.000000 0.000000 0.000000 
0.000000 0.000000 0.000000 0.000000 
0.000000 0.000000 0.000000 0.000000 
0.000000 0.000000 0.000000 0.000000 
0.000000 0.000000 0.000000 0.000000 
0.000000 0.000000 0.000000 0.000000 
0.100000 0.100000 0.100000 0.100000 
0.100000 0.100000 0.100000 0.100000 
0.100000 0.100000 0.100000 0.100000 
0.100000 0.100000 0.100000 0.100000 
0.100000 0.100000 0.100000 0.100000 
0.100000 0.100000 0.100000 0.100000 
0.100000 0.100000 0.100000 0.100000 
0.100000 0.100000 0.100000 0.100000 
0.000000 0.000000 0.000000 0.100000 
0.100000 0.100000 0.100000 0.100000 
0.100000 0.100000 0.100000 0.100000 
0.100000 0.100000 0.100000 0.100000 
0.100000 0.100000 0.100000 0.100000 
0.100000 0.100000 0.100000 0.100000 
0.100000 0.100000 0.100000 0.100000 
0.100000 0.100000 0.100000 0.100000 
0.100000 0.100000 0.100000 0.000000 
0.100000 0.000000 0.000000 0.000000 
0.000000 0.000000 0.000000 0.000000 
0.000000 0.000000 0.000000 0.000000 
0.000000 0.000000 0.000000 0.000000 
0.000000 0.000000 0.000000 0.000000 
0.000000 0.000000 0.000000 0.000000 
0.000000 0.000000 0.000000 0.000000 
0.000000 0.000000 0.000000 0.000000 
0.000000 0.000000 0.000000 0.000000 
0.000000 0.000000 0.000000 0.000000 
0.000000 0.000000 0.000000 0.000000 
0.000000 0.000000 0.100000 0.100000 
0.100000 0.100000 0.100000 0.100000 
0.100000 0.100000 0.100000 0.100000 
0.100000 0.100000 0.100000 0.100000 
0.100000 0.100000 0.100000 0.100000 
0.100000 0.100000 0.100000 0.100000 
0.100000 0.100000 0.100000 0.100000 
0.100000 0.100000 0.100000 0.100000 
0.100000 0.100000 0.100000 0.100000 
0.100000 0.100000 0.100000 0.100000 
0.100000 0.100000 0.100000 0.100000 
0.100000 0.100000 0.100000 0.100000 
0.100000 0.100000 0.100000 0.100000 
0.100000 0.100000 0.100000 0.100000 
0.100000 0.100000 0.100000 0.100000 
0.100000 0.100000 0.100000 0.100000 
0.100000 0.100000 0.100000 0.100000 
0.100000 0.100000 0.100000 0.100000 
0.100000 0.100000 0.100000 0.100000 
0.100000 0.100000 0.100000 0.100000 
0.100000 0.100000 0.100000 0.100000 
0.100000 0.100000 0.100000 0.100000 
