4.500000 2.200000 3.141593 
4.500000 2.200000 3.141593 
4.500000 2.200000 3.141593 
4.500000 2.200000 3.141593 
4.500000 2.200000 3.141593 
4.300000 2.200000 3.141593 
4.200000 2.200000 3.141593 
4.100000 2.200000 3.141593 
4.000000 2.200000 3.141593 
3.900000 2.200000 3.141593 
3.800000 2.200000 3.141593 
3.700000 2.200000 3.141593 
3.600000 2.200000 3.141593 
3.500000 2.200000 3.141593 
3.400000 2.200000 3.141593 
3.300000 2.200000 3.141593 
3.200000 2.200000 -3.017142 
3.122000 2.190242 -2.915800 
3.061000 2.176230 -2.821401 
3.038000 2.168603 -2.740840 
3.023000 2.162248 -2.654534 
3.012000 2.156422 -2.558282 
3.004000 2.151143 -2.524815 
2.996000 2.145471 -2.374686 
2.988000 2.137761 -2.374686 
2.981000 2.131015 -2.374686 
2.974000 2.124270 -2.374686 
2.967000 2.117524 -2.374686 
2.954000 2.104996 -2.374686 
2.954000 2.104996 -2.374686 
2.948000 2.099214 -2.374686 
2.943000 2.094395 -2.374686 
2.933000 2.084758 -2.374686 
2.928000 2.079940 -2.374686 
2.924000 2.076085 -2.374686 
2.924000 2.076085 -2.374686 
2.916000 2.068376 -2.374686 
2.912000 2.064521 -2.374686 
2.912000 2.064521 -2.274686 
2.908604 2.060521 -2.274686 
2.905208 2.056521 -2.274686 
2.901812 2.052521 -2.274686 
2.901812 2.052521 -2.174686 
2.898363 2.047521 -2.056749 
2.894666 2.040521 -1.918601 
2.890315 2.028521 -1.786118 
2.885722 2.007521 -1.629322 
2.880508 1.918521 -1.549028 
2.882684 1.818545 -1.391948 
2.900474 1.720140 -1.234869 
2.919678 1.665140 -1.077789 
2.935258 1.636140 -0.920710 
2.949705 1.617140 -0.763630 
2.963705 1.603736 -0.920710 
2.975870 1.587736 -0.763630 
2.987870 1.576248 -0.920710 
2.999275 1.561248 -0.763630 
3.010275 1.550717 -0.867560 
3.020449 1.538717 -0.883614 
3.030297 1.526717 -0.903711 
3.039747 1.514717 -0.859401 
3.048366 1.504717 -0.906435 
3.056981 1.493717 -0.870170 
3.064571 1.484717 -0.920915 
3.072171 1.474717 -0.896693 
3.079362 1.465717 -0.932918 
3.086774 1.455717 -0.884390 
3.093329 1.447717 -0.942718 
3.099864 1.438717 -0.942718 
3.106400 1.429717 -0.967018 
3.111917 1.421717 -1.011754 
3.117548 1.412717 -1.065115 
3.123085 1.402717 -1.106732 
3.128591 1.391717 -1.157322 
3.134295 1.378717 -1.213138 
3.139901 1.363717 -1.283475 
3.150834 1.326717 -1.351773 
3.158625 1.291717 -1.422875 
3.164436 1.252717 -1.502517 
3.171259 1.152950 -1.587431 
3.169596 1.052963 -1.665342 
3.160155 0.953410 -1.743253 
3.142995 0.854893 -1.718802 
3.128248 0.755987 -1.694350 
3.115924 0.656749 -1.704492 
3.088260 0.458674 -1.749582 
3.088260 0.458674 -1.749582 
3.057020 0.298268 -1.703675 
3.057020 0.298268 -1.703675 
3.043384 0.135521 -1.553153 
3.045148 0.035536 -1.507083 
3.051515 -0.064261 -1.485769 
3.060007 -0.163900 -1.491001 
3.067978 -0.263581 -1.512020 
3.073853 -0.363409 -1.538778 
3.076991 -0.461409 -1.560715 
3.077929 -0.554409 -1.476705 
3.086328 -0.643409 -1.409208 
3.094805 -0.695409 -1.369783 
3.103974 -0.740409 -1.341008 
3.114033 -0.783409 -1.336300 
3.123588 -0.823409 -1.350383 
3.132102 -0.861409 -1.388271 
3.138932 -0.898409 -1.436832 
3.145670 -0.948409 -1.492163 
3.151107 -1.017409 -1.565802 
3.151437 -1.083409 -1.633348 
3.147554 -1.145409 -1.697354 
3.140047 -1.204409 -1.758059 
3.129436 -1.260409 -1.714496 
3.121622 -1.314409 -1.674550 
3.116311 -1.365409 -1.648795 
3.112560 -1.413409 -1.627744 
3.109937 -1.459409 -1.617023 
3.107902 -1.503409 -1.622435 
3.105783 -1.544409 -1.638593 
3.103135 -1.583409 -1.665140 
3.099634 -1.620409 -1.701477 
3.094902 -1.656409 -1.731733 
3.089383 -1.690409 -1.756386 
3.083375 -1.722409 -1.775769 
3.077138 -1.752409 -1.794903 
3.070528 -1.781409 -1.799628 
3.064006 -1.809409 -1.804339 
3.057821 -1.835409 -1.809036 
3.051750 -1.860409 -1.720044 
3.048141 -1.884409 -1.625562 
3.046935 -1.906409 -1.528886 
3.047816 -1.927409 -1.518018 
3.048872 -1.947409 -1.507257 
3.050081 -1.966409 -1.491269 
3.051516 -1.984409 -1.464989 
3.053321 -2.001409 -1.434134 
3.055521 -2.017409 -1.398996 
3.058283 -2.033322 -1.363857 
3.061432 -2.048322 -1.301753 
3.070319 -2.077097 -1.137267 
3.070319 -2.077097 -1.137267 
3.084258 -2.103532 -0.877805 
3.084258 -2.103532 -0.877805 
3.106918 -2.126583 -0.668616 
3.106918 -2.126583 -0.668616 
3.137918 -2.149771 -0.620565 
3.153871 -2.161174 -0.600290 
3.168871 -2.171443 -0.579942 
3.183871 -2.181269 -0.547255 
3.199871 -2.191018 -0.518442 
3.214871 -2.199576 -0.481120 
3.230871 -2.207928 -0.447579 
3.248871 -2.216570 -0.422141 
3.267871 -2.225103 -0.383628 
3.286871 -2.232772 -0.353205 
3.307871 -2.240514 -0.322370 
3.330871 -2.248197 -0.286604 
3.355871 -2.255565 -0.250164 
3.381871 -2.262208 -0.217612 
3.411871 -2.268842 -0.179656 
3.448871 -2.275561 -0.140731 
3.494871 -2.282078 -0.105700 
3.558871 -2.288868 -0.059413 
3.619871 -2.292497 -0.016624 
3.677871 -2.293461 0.022332 
3.732871 -2.292232 0.061074 
3.784871 -2.289053 0.098460 
3.833871 -2.284212 0.134674 
3.880871 -2.277844 0.169865 
3.925871 -2.270126 0.189462 
3.967871 -2.262072 0.208794 
4.007871 -2.253597 0.223109 
4.045871 -2.244975 0.227837 
4.081871 -2.236628 0.232551 
4.116871 -2.228339 0.227850 
4.149871 -2.220687 0.223137 
4.180871 -2.213652 0.208953 
4.210871 -2.207291 0.194640 
4.238871 -2.201771 0.180191 
4.265871 -2.196853 0.165600 
4.290871 -2.192674 0.141029 
4.314871 -2.189267 0.116013 
4.337871 -2.186587 0.095610 
4.359871 -2.184477 0.074868 
4.380871 -2.182902 0.059038 
4.399871 -2.181779 0.042986 
4.418871 -2.180961 0.026700 
4.436871 -2.180481 0.010165 
4.453871 -2.180308 -0.006635 
4.469871 -2.180414 -0.023494 
4.484871 -2.180766 -0.040080 
4.498871 -2.181328 -0.056409 
4.512860 -2.182118 -0.072739 
4.525860 -2.183065 -0.088599 
4.550844 -2.185477 -0.119903 
4.562823 -2.186920 -0.135347 
4.572823 -2.188282 -0.145397 
4.572823 -2.188282 -0.145397 
4.591823 -2.191156 -0.165272 
4.600823 -2.192657 -0.175349 
4.609823 -2.194251 -0.185109 
4.609823 -2.194251 -0.185109 
4.625823 -2.197328 -0.204436 
4.632823 -2.198779 -0.214006 
4.639823 -2.200300 -0.214006 
4.646823 -2.201822 -0.214006 
4.652823 -2.203126 -0.214006 
4.658823 -2.204430 -0.209250 
4.664823 -2.205704 -0.204480 
4.669823 -2.206741 -0.199695 
4.674823 -2.207753 -0.194895 
4.679823 -2.208740 -0.190080 
4.684823 -2.209702 -0.185249 
4.684823 -2.209702 -0.285249 
4.684823 -2.209702 -0.185249 
4.684823 -2.209702 -0.285249 
4.684823 -2.209702 -0.185249 
4.684823 -2.209702 -0.085249 
4.684823 -2.209702 0.014751 
4.684823 -2.209702 0.114751 
4.684823 -2.209702 0.214751 
4.684823 -2.209702 0.314751 
4.689823 -2.208074 0.301287 
4.689823 -2.208074 0.201287 
4.689823 -2.208074 0.301287 
4.689823 -2.208074 0.201287 
4.689823 -2.208074 0.101287 
4.689823 -2.208074 0.201287 
4.689823 -2.208074 0.301287 
4.689823 -2.208074 0.401287 
4.689823 -2.208074 0.301287 
4.689823 -2.208074 0.401287 
4.689823 -2.208074 0.501287 
4.694823 -2.205334 0.497120 
4.694823 -2.205334 0.397120 
4.694823 -2.205334 0.497120 
4.694823 -2.205334 0.597120 
4.699823 -2.201934 0.597120 
4.699823 -2.201934 0.497120 
4.699823 -2.201934 0.597120 
4.699823 -2.201934 0.497120 
4.699823 -2.201934 0.397120 
4.699823 -2.201934 0.297120 
4.699823 -2.201934 0.397120 
4.699823 -2.201934 0.297120 
4.699823 -2.201934 0.197120 
4.699823 -2.201934 0.297120 
4.699823 -2.201934 0.297120 
4.699823 -2.201934 0.297120 
4.699823 -2.201934 0.497120 
4.699823 -2.201934 0.597120 
4.699823 -2.201934 0.497120 
4.699823 -2.201934 0.597120 
4.699823 -2.201934 0.497120 
4.699823 -2.201934 0.597120 
4.699823 -2.201934 0.697120 
4.704823 -2.197748 0.701136 
4.708823 -2.194371 0.705150 
4.712823 -2.190966 0.705150 
4.716823 -2.187562 0.705150 
4.720823 -2.184157 0.709163 
4.724823 -2.180725 0.713175 
4.724823 -2.180725 0.813175 
4.728607 -2.176725 0.817176 
4.732360 -2.172725 0.825180 
4.732360 -2.172725 0.925180 
4.735373 -2.168725 0.933259 
4.735373 -2.168725 1.033259 
4.735373 -2.168725 1.133259 
4.735373 -2.168725 1.233259 
4.735373 -2.168725 1.333259 
4.735373 -2.168725 1.233259 
4.735373 -2.168725 1.333259 
4.735373 -2.168725 1.433259 
4.735373 -2.168725 1.533259 
4.735373 -2.168725 1.633259 
4.735373 -2.168725 1.733259 
4.735373 -2.168725 1.833259 
4.735373 -2.168725 1.933259 
4.735373 -2.168725 2.033259 
4.735373 -2.168725 2.133259 
4.735373 -2.168725 2.233259 
4.732253 -2.164725 2.390339 
4.728253 -2.160989 2.547418 
4.721253 -2.156260 2.704498 
4.711253 -2.151587 2.789609 
4.699253 -2.147180 2.864537 
4.683253 -2.142630 2.924064 
4.658253 -2.137104 2.976255 
4.624253 -2.131431 3.035235 
4.570253 -2.125666 3.091777 
4.483253 -2.121328 3.140331 
4.383253 -2.121202 -3.091864 
4.283377 -2.126173 -3.043306 
4.183860 -2.135986 -2.994748 
4.089860 -2.149890 -2.949914 
3.996577 -2.167992 -2.905079 
3.948577 -2.179561 -2.886324 
3.863803 -2.202429 -2.863280 
3.863803 -2.202429 -2.863280 
3.796847 -2.221707 -2.867899 
3.796847 -2.221707 -2.867899 
3.733847 -2.238738 -2.904935 
3.701847 -2.246456 -2.923223 
3.666847 -2.254223 -2.951675 
3.625847 -2.262104 -2.980665 
3.579847 -2.269571 -3.015179 
3.525847 -2.276434 -3.050594 
3.454847 -2.282913 -3.081826 
3.355026 -2.288886 3.044279 
3.255499 -2.279170 2.887200 
3.219499 -2.269809 2.730120 
3.199499 -2.261082 2.573040 
3.182499 -2.250220 2.415961 
3.165499 -2.235139 2.372597 
3.149499 -2.219656 2.372597 
3.134499 -2.205140 2.372597 
3.119499 -2.190624 2.372597 
3.105499 -2.177076 2.372597 
3.092499 -2.164496 2.372597 
3.079499 -2.151915 2.372597 
3.067499 -2.140303 2.372597 
3.056499 -2.129658 2.372597 
3.045499 -2.119013 2.372597 
3.035499 -2.109336 2.372597 
3.025499 -2.099659 2.372597 
3.016499 -2.090949 2.372597 
3.007499 -2.082240 2.372597 
2.999499 -2.074498 2.372597 
2.991499 -2.066756 2.372597 
2.984499 -2.059982 2.372597 
2.977499 -2.053208 2.372597 
2.970499 -2.046434 2.372597 
2.964499 -2.040628 2.372597 
2.958499 -2.034821 2.372597 
2.952499 -2.029015 2.372597 
2.946499 -2.023209 2.372597 
2.941499 -2.018370 2.372597 
2.936499 -2.013531 2.372597 
2.931499 -2.008693 2.372597 
2.927499 -2.004822 2.372597 
2.923499 -2.000951 2.372597 
2.919499 -1.997080 2.372597 
2.915499 -1.993209 2.372597 
2.911499 -1.989338 2.372597 
2.907499 -1.985468 2.472597 
2.907499 -1.985468 2.472597 
2.907499 -1.985468 2.472597 
2.907499 -1.985468 2.472597 
2.907499 -1.985468 2.472597 
2.907499 -1.985468 2.572597 
2.907499 -1.985468 2.672597 
2.907499 -1.985468 2.672597 
2.907499 -1.985468 2.872597 
2.907499 -1.985468 2.972597 
2.907499 -1.985468 2.872597 
2.907499 -1.985468 2.772597 
2.907499 -1.985468 2.872597 
2.907499 -1.985468 2.972597 
2.907499 -1.985468 3.072597 
2.907499 -1.985468 -3.110588 
2.907499 -1.985468 -3.010588 
2.907499 -1.985468 -3.110588 
2.907499 -1.985468 3.072597 
2.907499 -1.985468 -3.110588 
2.907499 -1.985468 -3.010588 
2.907499 -1.985468 -2.910588 
2.907499 -1.985468 -2.810588 
2.907499 -1.985468 -2.910588 
2.907499 -1.985468 -2.810588 
2.907499 -1.985468 -2.710588 
2.907499 -1.985468 -2.610588 
2.907499 -1.985468 -2.510588 
2.881499 -2.004465 -2.453914 
2.860499 -2.021715 -2.393626 
2.842499 -2.038415 -2.329581 
2.827329 -2.054415 -2.265559 
2.814828 -2.069415 -2.281625 
2.802775 -2.083415 -2.297669 
2.790324 -2.097415 -2.317703 
2.778289 -2.110415 -2.329712 
2.766908 -2.122415 -2.277694 
2.756658 -2.134415 -2.229546 
2.748143 -2.145415 -2.386625 
2.737143 -2.155765 -2.406635 
2.727143 -2.164804 -2.562833 
2.711143 -2.175259 -2.554659 
2.697143 -2.184570 -2.550579 
2.684143 -2.193294 -2.570963 
2.671143 -2.201638 -2.587339 
2.657143 -2.210303 -2.603777 
2.645143 -2.217461 -2.739928 
2.632283 -2.222924 -2.876080 
2.601283 -2.231353 -2.876080 
2.570283 -2.239783 -2.876080 
2.542283 -2.247398 -2.889907 
2.484076 -2.261922 -2.922163 
2.484076 -2.261922 -2.922163 
2.419939 -2.275756 -3.070117 
2.419939 -2.275756 -3.070117 
2.228124 -2.276257 2.936474 
2.164124 -2.262942 2.800697 
2.137124 -2.253364 2.658920 
2.121124 -2.244980 2.501840 
2.109124 -2.236050 2.344761 
2.098373 -2.225050 2.344761 
2.087621 -2.214050 2.344761 
2.077847 -2.204050 2.344761 
2.068074 -2.194050 2.344761 
2.059277 -2.185050 2.344761 
2.050481 -2.176050 2.344761 
2.041684 -2.167050 2.344761 
2.033865 -2.159050 2.344761 
2.026046 -2.151050 2.344761 
2.019204 -2.144050 2.344761 
2.012362 -2.137050 2.344761 
2.005521 -2.130050 2.344761 
1.999656 -2.124050 2.344761 
1.993792 -2.118050 2.344761 
1.987928 -2.112050 2.344761 
1.983041 -2.107050 2.344761 
1.978154 -2.102050 2.344761 
1.973267 -2.097050 2.344761 
1.968380 -2.092050 2.344761 
1.964470 -2.088050 2.344761 
1.960561 -2.084050 2.344761 
1.956651 -2.080050 2.344761 
1.952742 -2.076050 2.344761 
1.948832 -2.072050 2.344761 
1.948832 -2.072050 2.444761 
1.948832 -2.072050 2.344761 
1.948832 -2.072050 2.444761 
1.948832 -2.072050 2.544761 
1.948832 -2.072050 2.644761 
1.948832 -2.072050 2.744761 
1.948832 -2.072050 2.844761 
1.948832 -2.072050 2.944761 
1.948832 -2.072050 2.844761 
1.948832 -2.072050 2.744761 
1.948832 -2.072050 2.844761 
1.948832 -2.072050 2.944761 
1.948832 -2.072050 2.844761 
1.948832 -2.072050 2.944761 
1.948832 -2.072050 3.044761 
1.932832 -2.070496 3.081023 
1.916786 -2.069523 3.117285 
1.819786 -2.067165 -3.121707 
1.622982 -2.075497 -3.093493 
1.622982 -2.075497 -3.093493 
1.423149 -2.083517 -3.076572 
1.423149 -2.083517 -3.076572 
1.223840 -2.099791 -3.100602 
1.223840 -2.099791 -3.100602 
1.023927 -2.104725 3.133121 
0.923931 -2.103878 -3.138845 
0.823931 -2.104152 -3.099480 
0.724020 -2.108362 3.140242 
0.624020 -2.108227 3.117813 
0.524048 -2.105850 3.123340 
0.424065 -2.104024 -3.126507 
0.324076 -2.105533 -3.065199 
0.224368 -2.113165 -3.123170 
0.124385 -2.115007 3.121127 
0.024406 -2.112961 3.110038 
-0.075545 -2.109806 3.126498 
-0.175533 -2.108296 -3.112101 
-0.275490 -2.111245 3.121610 
-0.375470 -2.109247 3.099422 
-0.462470 -2.105576 3.104854 
-0.562402 -2.101903 3.132154 
-0.662398 -2.100959 -3.089385 
-0.762262 -2.106178 3.139968 
-0.862261 -2.106015 3.111932 
-0.962217 -2.103049 3.106436 
-1.062156 -2.099534 3.128308 
-1.162147 -2.098206 -3.093463 
-1.262031 -2.103017 -3.120478 
-1.362009 -2.105128 -3.126020 
-1.461997 -2.106686 -3.103736 
-1.561925 -2.110470 -3.054647 
-1.661547 -2.119154 -3.117324 
-1.761518 -2.121581 3.127190 
-1.861507 -2.120140 3.110459 
-1.961459 -2.117028 3.115948 
-2.061426 -2.114463 -3.128617 
-2.161418 -2.115761 3.104304 
-2.261348 -2.112033 3.071561 
-2.339348 -2.106561 3.071561 
-2.414348 -2.101301 3.092757 
-2.485348 -2.097830 3.141355 
-2.585348 -2.097807 3.067865 
-2.647348 -2.093227 3.009762 
-2.674348 -2.089647 2.969456 
-2.688348 -2.087213 2.935216 
-2.700348 -2.084701 2.906543 
-2.711348 -2.082067 2.878385 
-2.720348 -2.079641 2.864540 
-2.729348 -2.077082 2.850803 
-2.738312 -2.074399 2.837066 
-2.746312 -2.071885 2.828042 
-2.754289 -2.069299 2.819019 
-2.761289 -2.066959 2.809528 
-2.775267 -2.062139 2.818426 
-2.775267 -2.062139 2.818426 
-2.787267 -2.058239 2.854342 
-2.793300 -2.056456 2.872555 
-2.798300 -2.055078 2.900154 
-2.803336 -2.053838 2.918852 
-2.803336 -2.053838 3.018852 
-2.815336 -2.052357 3.044222 
-2.831336 -2.050794 3.075289 
-2.856336 -2.049134 3.112504 
-2.905336 -2.047709 -3.132187 
-2.999336 -2.048593 -3.076143 
-3.089336 -2.054492 -3.113385 
-3.174336 -2.056890 -3.129897 
-3.255336 -2.057837 -3.124305 
-3.332336 -2.059169 -3.096497 
-3.405336 -2.062463 -3.047734 
-3.474336 -2.068958 -2.985418 
-3.540336 -2.079350 -3.029946 
-3.603336 -2.086413 -3.060656 
-3.662336 -2.091199 -3.081655 
-3.718336 -2.094560 -3.087001 
-3.772336 -2.097511 -3.076257 
-3.823336 -2.100847 -3.054974 
-3.871336 -2.105016 -3.023627 
-3.917336 -2.110467 -2.977792 
-3.961336 -2.117740 -2.923668 
-4.003336 -2.127040 -2.871489 
-4.043336 -2.138115 -2.825520 
-4.081336 -2.150542 -2.785156 
-4.112336 -2.162085 -2.749968 
-4.137336 -2.172409 -2.728310 
-4.161336 -2.182934 -2.719722 
-4.183336 -2.192808 -2.715443 
-4.204336 -2.202341 -2.826535 
-4.234336 -2.212119 -2.826535 
-4.261336 -2.220918 -2.938716 
-4.288336 -2.226472 -3.053675 
-4.313336 -2.228676 -3.053675 
-4.337336 -2.230791 3.109478 
-4.360336 -2.230052 2.977872 
-4.382336 -2.226418 2.825332 
-4.403336 -2.219546 2.843270 
-4.423336 -2.213396 2.686190 
-4.442336 -2.204091 2.529111 
-4.459646 -2.191928 2.372031 
-4.477646 -2.174490 2.424038 
-4.512528 -2.145450 2.318964 
-4.512528 -2.145450 2.318964 
-4.541132 -2.108541 2.165962 
-4.541132 -2.108541 2.165962 
-4.568890 -2.067541 2.141478 
-4.568890 -2.067541 2.141478 
-4.593608 -2.027541 2.079578 
-4.605321 -2.006541 2.050696 
-4.616772 -1.984541 2.021337 
-4.627413 -1.962541 1.978985 
-4.638225 -1.937541 1.944565 
-4.648815 -1.910541 1.905284 
-4.658546 -1.882541 1.865286 
-4.667949 -1.851541 1.824465 
-4.677282 -1.815541 1.782698 
-4.686748 -1.771541 1.749365 
-4.695592 -1.722541 1.705541 
-4.704404 -1.657541 1.665324 
-4.713316 -1.563541 1.618613 
-4.718096 -1.463655 1.575375 
-4.718554 -1.363656 1.535958 
-4.715070 -1.263717 1.497670 
-4.707764 -1.163984 1.460676 
-4.696775 -1.064590 1.424803 
-4.682227 -0.965654 1.404864 
-4.668327 -0.882654 1.385213 
-4.655560 -0.814654 1.380367 
-4.643416 -0.751654 1.390027 
-4.631354 -0.685654 1.399751 
-4.620817 -0.624654 1.419331 
-4.610285 -0.555654 1.444154 
-4.600354 -0.477654 1.469446 
-4.590794 -0.383654 1.500413 
-4.583762 -0.283901 1.532198 
-4.579903 -0.183976 1.559451 
-4.578768 -0.083982 1.598607 
-4.581549 0.015979 1.637148 
-4.588179 0.115759 1.663728 
-4.597459 0.215328 1.689713 
-4.609323 0.314622 1.710070 
-4.622640 0.409622 1.720089 
-4.635876 0.497622 1.715117 
-4.647648 0.578622 1.710126 
-4.658867 0.658622 1.695097 
-4.669237 0.741622 1.679894 
-4.677781 0.819622 1.654249 
-4.684055 0.894622 1.633296 
-4.688498 0.965622 1.601291 
-4.690542 1.032622 1.573831 
-4.690736 1.096622 1.545804 
-4.689211 1.157622 1.518201 
-4.686158 1.215622 1.491294 
-4.681776 1.270622 1.465014 
-4.676254 1.322622 1.444443 
-4.670030 1.371622 1.434324 
-4.663310 1.420556 1.424205 
-4.656666 1.465556 1.414240 
-4.642526 1.552419 1.409186 
-4.642526 1.552419 1.409186 
-4.630311 1.628452 1.428934 
-4.625158 1.664532 1.444315 
-4.621089 1.696532 1.459493 
-4.617624 1.727532 1.469732 
-4.614683 1.756532 1.490382 
-4.612427 1.784532 1.511390 
-4.610881 1.810532 1.532784 
-4.609930 1.835532 1.549145 
-4.609410 1.859532 1.565760 
-4.609294 1.882532 1.582646 
-4.609543 1.903532 1.599419 
-4.610116 1.923532 1.511392 
-4.608986 1.942532 1.532787 
-4.608301 1.960532 1.440076 
-4.605935 1.978532 1.344267 
-4.602016 1.995532 1.377292 
-4.598881 2.011532 1.285713 
-4.594485 2.026532 1.194538 
-4.588559 2.041532 1.059383 
-4.580702 2.055532 0.902303 
-4.569645 2.069532 0.938550 
-4.560121 2.082532 0.781471 
-4.547019 2.095532 0.813471 
-4.535674 2.107532 0.656391 
-4.520674 2.119087 0.684626 
-4.507674 2.129700 0.668544 
-4.494674 2.139968 0.656462 
-4.482674 2.149214 0.612094 
-4.469674 2.158340 0.591789 
-4.455674 2.167750 0.571409 
-4.442674 2.176109 0.538662 
-4.428674 2.184475 0.509787 
-4.413674 2.192862 0.489003 
-4.397674 2.201375 0.451362 
-4.381674 2.209131 0.421723 
-4.364674 2.216758 0.391764 
-4.346674 2.224194 0.357114 
-4.325674 2.232030 0.326334 
-4.306674 2.238460 0.295100 
-4.285674 2.244843 0.258827 
-4.260674 2.251462 0.221813 
-4.230674 2.258228 0.188690 
-4.195674 2.264912 0.150005 
-4.150674 2.271713 0.110245 
-4.101674 2.277137 0.074376 
-4.023674 2.282949 -0.082703 
-3.924016 2.274688 -0.239783 
-3.856016 2.258063 -0.396863 
-3.833016 2.248424 -0.553942 
-3.817016 2.238527 -0.711022 
-3.801016 2.224746 -0.854312 
-3.772302 2.185822 -0.840523 
-3.772302 2.185822 -0.840523 
-3.742041 2.155655 -0.683443 
-3.742041 2.155655 -0.683443 
-3.719041 2.135723 -0.745689 
-3.708041 2.125564 -0.745689 
-3.698041 2.116328 -0.745689 
-3.688041 2.107092 -0.745689 
-3.679041 2.098780 -0.745689 
-3.670041 2.090468 -0.745689 
-3.662041 2.083079 -0.745689 
-3.654041 2.075691 -0.745689 
-3.646041 2.068302 -0.745689 
-3.639041 2.061837 -0.745689 
-3.632041 2.055372 -0.745689 
-3.626041 2.049830 -0.745689 
-3.620041 2.044289 -0.745689 
-3.614041 2.038748 -0.745689 
-3.608041 2.033206 -0.745689 
-3.603041 2.028588 -0.745689 
-3.598041 2.023970 -0.745689 
-3.593041 2.019352 -0.745689 
-3.589041 2.015658 -0.745689 
-3.585041 2.011964 -0.745689 
-3.581041 2.008270 -0.745689 
-3.577041 2.004575 -0.745689 
-3.573041 2.000881 -0.745689 
-3.573041 2.000881 -0.845689 
-3.569496 1.996881 -1.002769 
-3.565667 1.990881 -1.159849 
-3.560874 1.979881 -1.301676 
-3.556185 1.962881 -1.402865 
-3.551438 1.934881 -1.491171 
-3.545214 1.856881 -1.570003 
-3.545135 1.756881 -1.643475 
-3.552396 1.657145 -1.712204 
-3.566490 1.558143 -1.777228 
-3.583243 1.478143 -1.829795 
-3.599140 1.418143 -1.871432 
-3.614022 1.370143 -1.894036 
-3.627756 1.329143 -1.911911 
-3.640536 1.293143 -1.911911 
-3.653315 1.257143 -1.903051 
-3.665047 1.223143 -1.894153 
-3.676776 1.188143 -1.876279 
-3.687183 1.155143 -1.849223 
-3.697759 1.118143 -1.817194 
-3.707317 1.080143 -1.784568 
-3.716869 1.036143 -1.751276 
-3.726904 0.981143 -1.722098 
-3.735442 0.925143 -1.682376 
-3.744070 0.848143 -1.646545 
-3.751637 0.748430 -1.604362 
-3.754993 0.648486 -1.562178 
-3.754132 0.548490 -1.522917 
-3.740643 0.348984 -1.447101 
-3.740643 0.348984 -1.447101 
-3.714080 0.161748 -1.390814 
-3.700980 0.089748 -1.371082 
-3.688026 0.025748 -1.375882 
-3.676378 -0.033252 -1.385513 
-3.665694 -0.090252 -1.404900 
-3.654978 -0.154252 -1.419639 
-3.645534 -0.216252 -1.449434 
-3.636021 -0.294252 -1.474830 
-3.626439 -0.393792 -1.511118 
-3.620644 -0.490792 -1.543203 
-3.618105 -0.582792 -1.570738 
-3.618099 -0.669792 -1.610331 
-3.621383 -0.752792 -1.648452 
-3.627530 -0.831792 -1.674773 
-3.635356 -0.906792 -1.695374 
-3.644247 -0.977792 -1.715640 
-3.654166 -1.045792 -1.725618 
-3.664155 -1.109792 -1.730571 
-3.673985 -1.170792 -1.725636 
-3.683038 -1.228792 -1.720684 
-3.691344 -1.283792 -1.705773 
-3.698406 -1.335792 -1.690694 
-3.704429 -1.385792 -1.675439 
-3.709366 -1.432792 -1.649702 
-3.712924 -1.477792 -1.628667 
-3.715415 -1.520792 -1.607243 
-3.716873 -1.560792 -1.590858 
-3.717636 -1.598792 -1.574218 
-3.717763 -1.635792 -1.557538 
-3.717298 -1.670792 -1.540788 
-3.716308 -1.703792 -1.524304 
-3.714866 -1.734792 -1.508071 
-3.712981 -1.764792 -1.492072 
-3.710773 -1.792792 -1.481553 
-3.708357 -1.819792 -1.471127 
-3.705757 -1.845792 -1.460790 
-3.703106 -1.869792 -1.450540 
-3.700326 -1.892792 -1.440372 
-3.697441 -1.914792 -1.526116 
-3.696502 -1.935792 -1.515276 
-3.695390 -1.955792 -1.499174 
-3.694027 -1.974792 -1.478007 
-3.692352 -1.992792 -1.452019 
-3.690323 -2.009792 -1.421481 
-3.687916 -2.025792 -1.376729 
-3.684796 -2.041668 -1.331977 
-3.681144 -2.056668 -1.257062 
-3.670802 -2.084974 -1.054649 
-3.670802 -2.084974 -1.054649 
-3.653530 -2.110974 -0.763126 
-3.653530 -2.110974 -0.763126 
-3.623530 -2.134926 -0.614177 
-3.623530 -2.134926 -0.614177 
-3.592530 -2.156969 -0.602038 
-3.577530 -2.167276 -0.585766 
-3.563530 -2.176564 -0.549036 
-3.563530 -2.176564 -0.549036 
-3.530530 -2.196091 -0.499511 
-3.514530 -2.204822 -0.466157 
-3.497530 -2.213376 -0.436667 
-3.479530 -2.221776 -0.398361 
-3.461530 -2.229352 -0.363805 
-3.441530 -2.236967 -0.328735 
-3.419530 -2.244471 -0.293081 
-3.394530 -2.252016 -0.256769 
-3.365530 -2.259630 -0.224342 
-3.336530 -2.266247 -0.186548 
-3.301530 -2.272853 -0.147807 
-3.256530 -2.279554 -0.112961 
-3.198530 -2.286133 -0.072056 
-3.106530 -2.292774 -0.029738 
-3.006575 -2.295747 0.127342 
-2.907384 -2.283048 0.284421 
-2.871384 -2.272523 0.441501 
-2.851384 -2.263071 0.598581 
-2.836384 -2.252840 0.755660 
-2.821384 -2.238706 0.755660 
-2.807384 -2.225515 0.755660 
-2.794384 -2.213266 0.755660 
-2.781384 -2.201017 0.755660 
-2.769384 -2.189711 0.755660 
-2.758384 -2.179346 0.755660 
-2.747384 -2.168982 0.755660 
-2.737384 -2.159560 0.755660 
-2.727384 -2.150137 0.755660 
-2.718384 -2.141657 0.755660 
-2.709384 -2.133177 0.755660 
-2.701384 -2.125639 0.755660 
-2.693384 -2.118102 0.755660 
-2.685384 -2.110564 0.755660 
-2.678384 -2.103968 0.755660 
-2.671384 -2.097373 0.755660 
-2.665384 -2.091719 0.755660 
-2.659384 -2.086066 0.755660 
-2.653384 -2.080413 0.755660 
-2.647384 -2.074759 0.755660 
-2.642384 -2.070048 0.755660 
-2.637384 -2.065337 0.755660 
-2.632384 -2.060626 0.755660 
-2.628384 -2.056857 0.755660 
-2.624384 -2.053088 0.755660 
-2.620384 -2.049319 0.755660 
-2.616384 -2.045550 0.755660 
-2.612384 -2.041781 0.755660 
-2.608384 -2.038012 0.855660 
-2.608384 -2.038012 0.855660 
-2.605327 -2.033686 1.112740 
-2.605327 -2.033686 1.112740 
-2.596234 -2.009686 1.387341 
-2.593368 -1.994243 1.509050 
-2.587742 -1.903243 1.589115 
-2.589574 -1.803260 1.666899 
-2.599170 -1.703721 1.739466 
-2.615957 -1.605140 1.803209 
-2.633472 -1.531140 1.859616 
-2.649220 -1.478140 1.896012 
-2.664056 -1.434140 1.918334 
-2.678545 -1.394140 1.927168 
-2.692319 -1.357140 1.922769 
-2.704806 -1.323140 1.913954 
-2.717669 -1.287140 1.896251 
-2.729480 -1.252140 1.869467 
-2.741179 -1.214140 1.842314 
-2.752037 -1.175140 1.810161 
-2.762775 -1.131140 1.777397 
-2.772416 -1.085140 1.734393 
-2.781990 -1.027140 1.699945 
-2.792120 -0.949140 1.654507 
-2.800481 -0.849491 1.617846 
-2.805184 -0.749601 1.569170 
-2.805022 -0.649601 1.523768 
-2.800321 -0.549712 1.480499 
-2.791303 -0.450119 1.444040 
-2.778661 -0.350922 1.418750 
-2.764105 -0.255922 1.403863 
-2.750119 -0.172922 1.394044 
-2.737259 -0.100922 1.394044 
-2.725470 -0.034922 1.408670 
-2.714021 0.035078 1.418523 
-2.703432 0.104078 1.443331 
-2.692282 0.191078 1.463552 
-2.681578 0.290504 1.494372 
-2.673943 0.390212 1.520721 
-2.669132 0.486212 1.558477 
-2.668011 0.577212 1.592007 
-2.669856 0.664212 1.625251 
-2.674326 0.746212 1.657485 
-2.681105 0.824212 1.688830 
-2.689880 0.898212 1.704108 
-2.699401 0.969212 1.719206 
-2.709419 1.036212 1.724181 
-2.719313 1.100212 1.724181 
-2.728743 1.161212 1.719224 
-2.737267 1.218212 1.709272 
-2.744932 1.273212 1.699247 
-2.752045 1.328286 1.689221 
-2.757875 1.377286 1.668579 
-2.766106 1.470396 1.621888 
-2.768360 1.514470 1.595561 
-2.769351 1.554470 1.573474 
-2.769351 1.554470 1.573474 
-2.768786 1.628471 1.529201 
-2.767371 1.662470 1.506264 
-2.765303 1.694470 1.484966 
-2.762636 1.725471 1.463667 
-2.759517 1.754471 1.448256 
-2.756069 1.782471 1.438107 
-2.752598 1.808471 1.438107 
-2.749262 1.833471 1.438107 
-2.746058 1.857471 1.533772 
-2.745206 1.880471 1.522855 
-2.744199 1.901471 1.506642 
-2.742914 1.921471 1.485337 
-2.741286 1.940471 1.459189 
-2.739157 1.959471 1.423359 
-2.736483 1.977471 1.378544 
-2.733174 1.994471 1.315832 
-2.729004 2.010471 1.237000 
-2.723803 2.025471 1.121412 
-2.716568 2.040471 0.964332 
-2.706857 2.054471 0.996851 
-2.697805 2.068471 0.839772 
-2.686147 2.081471 0.863807 
-2.675041 2.094471 0.887881 
-2.665279 2.106471 0.730802 
-2.652279 2.118123 0.734808 
-2.640279 2.128967 0.577728 
-2.624279 2.139397 0.589992 
-2.608279 2.150110 0.594069 
-2.594279 2.159567 0.577772 
-2.579279 2.169346 0.561421 
-2.566279 2.177523 0.532703 
-2.551279 2.186366 0.507916 
-2.536279 2.194715 0.487121 
-2.522279 2.202131 0.449458 
-2.506279 2.209849 0.419800 
-2.489279 2.217437 0.389818 
-2.471279 2.224832 0.355140 
-2.450279 2.232620 0.324332 
-2.430279 2.239344 0.293068 
-2.408279 2.245983 0.256755 
-2.383279 2.252547 0.219696 
-2.353279 2.259246 0.186529 
-2.318279 2.265851 0.147787 
-2.280279 2.271508 0.107962 
-2.226279 2.277361 0.072027 
-2.172104 2.281270 0.036092 
-2.072169 2.284878 -0.120988 
-1.907900 2.254254 -0.435147 
-1.907900 2.254254 -0.435147 
-1.833603 2.217012 -0.749306 
-1.822131 2.206340 -0.749306 
-1.810131 2.195177 -0.749306 
-1.799131 2.184943 -0.749306 
-1.788131 2.174710 -0.749306 
-1.778131 2.165407 -0.749306 
-1.768131 2.156104 -0.749306 
-1.759131 2.147731 -0.749306 
-1.750131 2.139359 -0.749306 
-1.742131 2.131916 -0.749306 
-1.734131 2.124474 -0.749306 
-1.726131 2.117031 -0.749306 
-1.719131 2.110519 -0.749306 
-1.712131 2.104007 -0.749306 
-1.706131 2.098425 -0.749306 
-1.700131 2.092844 -0.749306 
-1.694131 2.087262 -0.749306 
-1.688131 2.081680 -0.749306 
-1.683131 2.077028 -0.749306 
-1.678131 2.072377 -0.749306 
-1.673131 2.067725 -0.749306 
-1.669131 2.064004 -0.749306 
-1.665131 2.060283 -0.749306 
-1.661131 2.056562 -0.749306 
-1.657131 2.052841 -0.749306 
-1.653131 2.049119 -0.749306 
-1.653131 2.049119 -0.649306 
-1.653131 2.049119 -0.549306 
-1.653131 2.049119 -0.649306 
-1.653131 2.049119 -0.549306 
-1.653131 2.049119 -0.449306 
-1.653131 2.049119 -0.549306 
-1.653131 2.049119 -0.649306 
-1.653131 2.049119 -0.749306 
-1.653131 2.049119 -0.649306 
-1.653131 2.049119 -0.549306 
-1.653131 2.049119 -0.449306 
-1.653131 2.049119 -0.349306 
-1.653131 2.049119 -0.249306 
-1.647131 2.047592 -0.212085 
-1.640131 2.046084 -0.178755 
-1.631131 2.044458 -0.134937 
-1.620131 2.042965 -0.099752 
-1.609085 2.041859 -0.064568 
-1.562085 2.038821 -0.016648 
-1.514994 2.038036 0.031272 
-1.415043 2.041163 0.108103 
-1.225626 2.068789 0.199478 
-1.225626 2.068789 0.199478 
-1.068881 2.101495 0.271631 
-1.068881 2.101495 0.271631 
-0.944830 2.132478 0.161390 
-0.886251 2.142015 0.117030 
-0.786935 2.153692 0.081354 
-0.687266 2.161818 0.070858 
-0.587517 2.168898 0.076153 
-0.487807 2.176506 0.091967 
-0.388230 2.185690 0.107570 
-0.288808 2.196426 0.107570 
-0.194808 2.206577 0.107570 
-0.100808 2.216727 -0.025945 
-0.000841 2.214133 -0.152804 
0.064159 2.204123 -0.266878 
0.092159 2.196468 -0.386617 
0.108159 2.189954 -0.525516 
0.120159 2.182995 -0.682596 
0.132159 2.173240 -0.825237 
0.144162 2.160240 -0.825237 
0.154319 2.149240 -0.825237 
0.163552 2.139240 -0.825237 
0.172786 2.129240 -0.825237 
0.181096 2.120240 -0.825237 
0.189406 2.111240 -0.825237 
0.197716 2.102240 -0.825237 
0.205102 2.094240 -0.825237 
0.212489 2.086240 -0.825237 
0.218952 2.079240 -0.825237 
0.225416 2.072240 -0.825237 
0.231879 2.065240 -0.825237 
0.238342 2.058240 -0.825237 
0.243882 2.052240 -0.825237 
0.249422 2.046240 -0.825237 
0.254962 2.040240 -0.825237 
0.259579 2.035240 -0.825237 
0.264196 2.030240 -0.825237 
0.268812 2.025240 -0.825237 
0.273429 2.020240 -0.825237 
0.277123 2.016240 -0.825237 
0.280816 2.012240 -0.825237 
0.284509 2.008240 -0.825237 
0.288203 2.004240 -0.825237 
0.291896 2.000240 -0.825237 
0.295589 1.996240 -0.725237 
0.295589 1.996240 -0.725237 
0.295589 1.996240 -0.525237 
0.295589 1.996240 -0.525237 
0.295589 1.996240 -0.525237 
0.295589 1.996240 -0.425237 
0.295589 1.996240 -0.325237 
0.295589 1.996240 -0.225237 
0.295589 1.996240 -0.125237 
0.295589 1.996240 -0.025237 
0.295589 1.996240 0.074763 
0.295589 1.996240 -0.025237 
0.295589 1.996240 -0.125237 
0.295589 1.996240 -0.225237 
0.295589 1.996240 -0.125237 
0.295589 1.996240 -0.025237 
0.295589 1.996240 0.074763 
0.295589 1.996240 0.174763 
0.295589 1.996240 0.274763 
0.361589 2.014844 0.325197 
0.414589 2.032714 0.383235 
0.455589 2.049244 0.357154 
0.497589 2.064917 0.335169 
0.543589 2.080939 0.321840 
0.587589 2.095610 0.312897 
0.630589 2.109522 0.362311 
0.663589 2.122030 0.406179 
0.690589 2.133643 0.444932 
0.714589 2.145086 0.466150 
0.735589 2.155652 0.483001 
0.753589 2.165092 0.390819 
0.776589 2.174568 0.295494 
0.807589 2.184005 0.195763 
0.856589 2.193722 0.089885 
0.956186 2.202698 -0.014319 
1.056175 2.201266 -0.109138 
1.155580 2.190374 -0.180940 
1.210580 2.180312 -0.229554 
1.262580 2.168161 -0.253098 
1.312580 2.155229 -0.262383 
1.359580 2.142606 -0.239297 
1.404580 2.131627 -0.192489 
1.446580 2.123442 -0.139433 
1.488580 2.117547 -0.094350 
1.573580 2.109504 -0.037250 
1.673511 2.105779 0.011867 
1.773504 2.106966 0.062185 
1.873311 2.113181 0.110205 
1.972704 2.124179 0.043589 
2.072609 2.128536 -0.010667 
2.172603 2.127470 -0.038654 
2.272529 2.123605 -0.038654 
2.372454 2.119741 -0.011403 
2.472447 2.118600 0.038938 
2.572372 2.122493 0.087978 
2.671985 2.131280 0.137018 
2.766985 2.144378 0.172147 
2.861466 2.160806 0.207276 
2.912466 2.171531 0.149962 
3.053997 2.187679 0.045863 
3.053997 2.187679 0.045863 
3.225289 2.191748 -0.006510 
3.225289 2.191748 -0.006510 
3.379288 2.191585 0.016239 
3.449288 2.192722 0.027743 
3.515288 2.194553 0.038756 
3.578288 2.196996 0.049430 
3.638288 2.199964 0.060223 
3.695288 2.203401 0.065568 
3.749288 2.206947 0.065568 
3.800288 2.210296 0.065568 
3.848288 2.213447 0.065568 
3.894288 2.216468 0.065568 
3.938288 2.219357 0.065568 
3.980288 2.222115 0.065568 
4.019288 2.224676 0.054929 
4.057288 2.226765 0.044188 
4.093288 2.228357 0.033343 
4.127288 2.229491 0.022388 
4.159288 2.230207 0.011320 
4.190288 2.230558 0.000132 
4.219288 2.230562 -0.011189 
4.247288 2.230249 -0.022378 
4.273288 2.229667 -0.033447 
4.298288 2.228830 -0.044401 
4.322288 2.227764 -0.055244 
4.344288 2.226548 -0.065981 
4.365288 2.225160 -0.076617 
4.385288 2.223625 -0.087155 
4.404288 2.221964 -0.097599 
4.422288 2.220202 -0.107953 
4.439288 2.218360 -0.107953 
4.456288 2.216517 -0.102819 
4.472288 2.214866 -0.102819 
4.487288 2.213319 -0.102819 
4.501288 2.211874 -0.102819 
4.514288 2.210533 -0.102819 
4.527288 2.209191 -0.102819 
4.539288 2.207953 -0.102819 
4.551288 2.206715 -0.102819 
4.562288 2.205580 -0.102819 
4.572288 2.204548 -0.102819 
4.582288 2.203516 -0.102819 
4.591288 2.202588 -0.102819 
4.600288 2.201659 -0.102819 
4.609288 2.200730 -0.102819 
4.617288 2.199905 -0.102819 
4.625288 2.199079 -0.092509 
4.632288 2.198430 -0.076913 
4.639288 2.197890 -0.066378 
4.646293 2.197425 -0.055842 
4.652293 2.197089 -0.045111 
4.664296 2.196612 -0.023435 
4.670298 2.196471 -0.012491 
4.675298 2.196409 -0.001316 
4.680299 2.196402 0.010072 
4.680299 2.196402 0.110072 
4.680299 2.196402 0.110072 
4.685299 2.196955 0.220322 
4.685299 2.196955 0.120322 
4.685299 2.196955 0.020322 
4.685299 2.196955 -0.079678 
4.685299 2.196955 0.020322 
4.685299 2.196955 0.120322 
4.685299 2.196955 0.220322 
4.685299 2.196955 0.120322 
4.685299 2.196955 0.220322 
4.685299 2.196955 0.120322 
4.685299 2.196955 0.220322 
4.685299 2.196955 0.320322 
4.685299 2.196955 0.220322 
4.685299 2.196955 0.120322 
4.685299 2.196955 0.220322 
4.685299 2.196955 0.320322 
4.685299 2.196955 0.420322 
4.690299 2.199190 0.416040 
4.690299 2.199190 0.516040 
4.695299 2.202026 0.511890 
4.695299 2.202026 0.611890 
4.700299 2.205535 0.611890 
4.700299 2.205535 0.711890 
4.705299 2.209849 0.715901 
4.709299 2.213328 0.719910 
4.713299 2.216836 0.723919 
4.717299 2.220372 0.727927 
4.721299 2.223937 0.735940 
4.725299 2.227560 0.743950 
4.729299 2.231241 0.747953 
4.729299 2.231241 0.847953 
4.732827 2.235241 0.859977 
4.736271 2.239241 0.867999 
4.736271 2.239241 0.767999 
4.736271 2.239241 0.867999 
4.736271 2.239241 0.767999 
4.736271 2.239241 0.867999 
4.736271 2.239241 0.967999 
4.736271 2.239241 0.867999 
4.736271 2.239241 0.967999 
4.736271 2.239241 1.067999 
4.736271 2.239241 1.167999 
4.736271 2.239241 1.267999 
4.736271 2.239241 1.367999 
4.736271 2.239241 1.267999 
4.736271 2.239241 1.167999 
4.736271 2.239241 1.067999 
4.736271 2.239241 0.967999 
4.736271 2.239241 1.067999 
4.736271 2.239241 1.267999 
4.736271 2.239241 1.267999 
4.736271 2.239241 1.467999 
4.736271 2.239241 1.467999 
4.736271 2.239241 1.467999 
4.736271 2.239241 1.467999 
4.736271 2.239241 1.667999 
4.736271 2.239241 1.767999 
4.736271 2.239241 1.867999 
4.736271 2.239241 1.767999 
4.736271 2.239241 1.867999 
4.736271 2.239241 1.967999 
4.736271 2.239241 2.067999 
4.736271 2.239241 2.167999 
4.736271 2.239241 2.067999 
4.736271 2.239241 2.167999 
4.736271 2.239241 2.267999 
4.732083 2.244241 2.425078 
4.727083 2.248596 2.582158 
4.720083 2.252979 2.701184 
4.708083 2.258634 2.777692 
4.693083 2.264347 2.839063 
4.675083 2.269965 2.888743 
4.654083 2.275391 2.939816 
4.627083 2.280914 2.982957 
4.591083 2.286673 3.032344 
4.537083 2.292596 3.083627 
4.437251 2.298390 3.131827 
4.337256 2.299366 -3.106539 
4.237317 2.295862 -3.062790 
4.137628 2.287990 -3.020717 
4.038357 2.275931 -2.980067 
3.961357 2.263385 -2.950497 
3.893357 2.250230 -2.921530 
3.840357 2.238374 -2.907319 
3.791357 2.226680 -2.902624 
3.745357 2.215473 -2.902624 
3.701357 2.204754 -2.911987 
3.659357 2.194937 -2.921405 
3.619357 2.185985 -2.945088 
3.575357 2.177226 -2.964329 
3.532357 2.169522 -2.993572 
3.480357 2.161769 -3.023435 
3.401357 2.152390 -3.048896 
3.319357 2.144768 -3.085282 
3.219516 2.139139 -3.117463 
3.119545 2.136727 -3.034586 
3.055545 2.129852 -2.978073 
2.998545 2.120447 -2.938702 
2.971545 2.114893 -2.924332 
2.950545 2.110257 -2.914841 
2.930545 2.105643 -2.914841 
2.910545 2.101028 -2.924275 
2.874470 2.093221 -2.957436 
2.874470 2.093221 -2.957436 
2.810389 2.082671 -3.025681 
2.810389 2.082671 -3.025681 
2.716389 2.073685 -3.133796 
2.616393 2.072906 3.082030 
2.516570 2.078858 3.087378 
2.416717 2.084277 3.066191 
2.317001 2.091810 3.008171 
2.217890 2.105113 3.078622 
2.118088 2.111405 3.131941 
2.018093 2.112371 -3.123229 
1.918109 2.110534 -3.123229 
1.818126 2.108698 3.132177 
1.718131 2.109640 3.081738 
1.618310 2.115622 3.033619 
1.518892 2.126398 2.987417 
1.436892 2.139142 2.952734 
1.368892 2.152139 3.044600 
1.269362 2.161823 3.132654 
1.169366 2.162717 -3.072034 
1.069608 2.155767 -3.013721 
1.007608 2.147795 -2.988453 
0.955608 2.139769 -2.978536 
0.906608 2.131708 -2.998227 
0.859608 2.124923 -3.033189 
0.805608 2.119046 -3.084507 
0.705771 2.113341 3.139721 
0.605771 2.113528 3.083258 
0.505941 2.119358 3.029720 
0.406566 2.130522 2.978545 
0.329566 2.143189 3.062236 
0.229881 2.151116 3.141086 
0.129881 2.151167 -3.085456 
0.030038 2.145556 -3.053270 
-0.067962 2.136878 -3.053270 
-0.160962 2.128643 -3.084572 
-0.260799 2.122944 -3.127453 
-0.360789 2.121530 3.116682 
-0.460758 2.124021 3.078035 
-0.560556 2.130372 3.040731 
-0.660048 2.140441 3.128506 
-0.760039 2.141750 -3.082084 
-0.859862 2.135803 -3.023254 
-0.914862 2.129263 -3.002888 
-0.965862 2.122144 -3.002888 
-1.013862 2.115443 -3.012912 
-1.059862 2.109491 -3.048266 
-1.108862 2.104904 -3.095023 
-1.208754 2.100249 3.139464 
-1.308754 2.100462 3.088685 
-1.408614 2.105750 3.040266 
-1.508101 2.115866 2.993815 
-1.607011 2.130590 2.947363 
-1.671011 2.143179 3.000357 
-1.835199 2.161174 3.084655 
-1.935037 2.166864 3.115959 
-2.035004 2.169427 3.104924 
-2.134937 2.173093 3.083083 
-2.234766 2.178941 3.061671 
-2.334446 2.186925 3.040654 
-2.433937 2.197001 3.030329 
-2.518937 2.206498 3.137849 
-2.618937 2.206872 -3.037240 
-2.702937 2.198075 -2.949714 
-2.758937 2.187196 -2.882161 
-2.787937 2.179499 -2.822034 
-2.807937 2.172881 -2.777264 
-2.822937 2.167161 -2.737818 
-2.835937 2.161606 -2.716268 
-2.847937 2.156171 -2.694897 
-2.856937 2.151860 -2.682175 
-2.865937 2.147407 -2.669508 
-2.874937 2.142812 -2.682122 
-2.881937 2.139348 -2.694788 
-2.888937 2.135995 -2.707511 
-2.895937 2.132750 -2.728812 
-2.903937 2.129246 -2.750285 
-2.911937 2.125945 -2.784942 
-2.921937 2.122220 -2.824525 
-2.932937 2.118610 -2.869352 
-2.945937 2.114981 -2.919857 
-2.961937 2.111374 -2.971909 
-3.004937 2.104006 -3.025807 
-3.045937 2.099238 -3.087026 
-3.132937 2.094486 -3.038679 
-3.167937 2.090871 -3.012907 
-3.200937 2.086601 -2.997755 
-3.232937 2.081966 -2.987770 
-3.262937 2.077315 -2.987770 
-3.290937 2.072973 -3.007594 
-3.317937 2.069334 -3.032743 
-3.343937 2.066492 -3.068653 
-3.367937 2.064739 -3.110939 
-3.438937 2.062561 3.122826 
-3.506937 2.063838 -3.093715 
-3.543937 2.062065 -3.039671 
-3.558937 2.060531 -2.988084 
-3.572937 2.058365 -2.948427 
-3.585937 2.055822 -2.905037 
-3.597937 2.052929 -2.862840 
-3.609937 2.049494 -2.821668 
-3.620937 2.045850 -2.776905 
-3.631937 2.041651 -2.746230 
-3.651937 2.032944 -2.694589 
-3.651937 2.032944 -2.694589 
-3.670743 2.023692 -2.656382 
-3.670743 2.023692 -2.656382 
-3.687743 2.014675 -2.646932 
-3.695743 2.010360 -2.659458 
-3.702743 2.006696 -2.688796 
-3.709743 2.003291 -2.714188 
-3.715743 2.000558 -2.748354 
-3.721743 1.998069 -2.782983 
-3.727743 1.995820 -2.818136 
-3.732743 1.994144 -2.853883 
-3.737743 1.992664 -2.899405 
-3.742743 1.991429 -2.936786 
-3.742743 1.991429 -3.036786 
-3.742743 1.991429 -2.936786 
-3.742743 1.991429 -2.836786 
-3.747743 1.989856 -2.881896 
-3.747743 1.989856 -2.981896 
-3.747743 1.989856 -3.081896 
-3.747743 1.989856 -2.981896 
-3.747743 1.989856 -2.881896 
-3.747743 1.989856 -2.981896 
-3.747743 1.989856 -2.881896 
-3.747743 1.989856 -2.781896 
-3.747743 1.989856 -2.681896 
-3.752743 1.987381 -2.757891 
-3.752743 1.987381 -2.657891 
-3.752743 1.987381 -2.557891 
-3.757743 1.984078 -2.549726 
-3.757743 1.984078 -2.449726 
-3.762743 1.979936 -2.292646 
-3.767145 1.974936 -2.135567 
-3.771580 1.967936 -1.978487 
-3.777195 1.954936 -1.866600 
-3.782680 1.936936 -1.775951 
-3.788298 1.909936 -1.694643 
-3.793900 1.864936 -1.623671 
-3.799185 1.765076 -1.559111 
-3.798017 1.665082 -1.497600 
-3.790704 1.565350 -1.439470 
-3.777609 1.466211 -1.384027 
-3.761735 1.382211 -1.345291 
-3.747053 1.318211 -1.316967 
-3.732525 1.262211 -1.293765 
-3.718877 1.214211 -1.284607 
-3.706518 1.172211 -1.284607 
-3.695041 1.133211 -1.289163 
-3.683179 1.092211 -1.307433 
-3.672663 1.053211 -1.330506 
-3.661882 1.009211 -1.358574 
-3.651324 0.960211 -1.387139 
-3.641665 0.908211 -1.416253 
-3.633524 0.855952 -1.445366 
-3.623689 0.777952 -1.480809 
-3.611172 0.599801 -1.559227 
-3.611172 0.599801 -1.559227 
-3.613155 0.399857 -1.640614 
-3.620132 0.300101 -1.677714 
-3.630803 0.200672 -1.703404 
-3.644025 0.101550 -1.723545 
-3.657572 0.013550 -1.733465 
-3.670209 -0.063450 -1.738389 
-3.682052 -0.133450 -1.733482 
-3.693541 -0.203450 -1.718709 
-3.704568 -0.277450 -1.703776 
-3.715269 -0.357450 -1.678607 
-3.726029 -0.456869 -1.652936 
-3.733768 -0.550869 -1.621470 
-3.738282 -0.639869 -1.594517 
-3.740298 -0.724869 -1.566880 
-3.739985 -0.804869 -1.526949 
-3.736650 -0.880869 -1.494403 
-3.731139 -0.952869 -1.468053 
-3.724025 -1.021869 -1.447432 
-3.715965 -1.086869 -1.427146 
-3.706997 -1.148869 -1.417159 
-3.697861 -1.207869 -1.407246 
-3.688619 -1.263869 -1.412167 
-3.680141 -1.316869 -1.417106 
-3.672240 -1.367869 -1.427019 
-3.665291 -1.415869 -1.441998 
-3.659333 -1.461869 -1.457148 
-3.654425 -1.504869 -1.482699 
-3.650804 -1.545869 -1.503571 
-3.648178 -1.584869 -1.524820 
-3.646476 -1.621869 -1.541061 
-3.645435 -1.656869 -1.557548 
-3.644984 -1.690869 -1.574299 
-3.645096 -1.722869 -1.591567 
-3.645720 -1.752869 -1.608195 
-3.646805 -1.781869 -1.624565 
-3.648258 -1.808869 -1.640692 
-3.650078 -1.834869 -1.656591 
-3.652228 -1.859869 -1.667048 
-3.654545 -1.883869 -1.677413 
-3.656900 -1.905869 -1.584908 
-3.657196 -1.926869 -1.584908 
-3.657479 -1.946869 -1.584908 
-3.657747 -1.965869 -1.584908 
-3.658001 -1.983869 -1.584908 
-3.658241 -2.000869 -1.584908 
-3.658466 -2.016869 -1.590487 
-3.658782 -2.032869 -1.590487 
-3.659077 -2.047869 -1.590487 
-3.659353 -2.061869 -1.590487 
-3.659884 -2.088869 -1.590487 
-3.659884 -2.088869 -1.590487 
-3.660377 -2.113869 -1.596036 
-3.660377 -2.113869 -1.596036 
-3.660967 -2.134868 -1.596065 
-3.660967 -2.134868 -1.596065 
-3.661447 -2.153870 -1.596065 
-3.661675 -2.162870 -1.596065 
-3.661877 -2.170870 -1.596065 
-3.662079 -2.178870 -1.596065 
-3.662281 -2.186870 -1.601584 
-3.662497 -2.193870 -1.601584 
-3.662713 -2.200870 -1.601584 
-3.662897 -2.206870 -1.607075 
-3.663115 -2.212870 -1.607075 
-3.663333 -2.218870 -1.607075 
-3.663551 -2.224870 -1.612537 
-3.663759 -2.229870 -1.612537 
-3.663968 -2.234870 -1.612537 
-3.664177 -2.239870 -1.612537 
-3.664386 -2.244870 -1.617972 
-3.664386 -2.244870 -1.717972 
-3.664386 -2.244870 -1.817972 
-3.664386 -2.244870 -1.717972 
-3.664386 -2.244870 -1.617972 
-3.664386 -2.244870 -1.517972 
-3.664386 -2.244870 -1.417972 
-3.664386 -2.244870 -1.317972 
-3.664386 -2.244870 -1.417972 
-3.664386 -2.244870 -1.317972 
-3.664386 -2.244870 -1.417972 
-3.664386 -2.244870 -1.317972 
-3.664386 -2.244870 -1.217972 
-3.662545 -2.249870 -1.151885 
-3.662545 -2.249870 -1.051885 
-3.659689 -2.254870 -0.919201 
-3.655876 -2.259870 -0.762122 
-3.650876 -2.264642 -0.605042 
-3.643876 -2.269483 -0.447962 
-3.631876 -2.275250 -0.375898 
-3.617876 -2.280775 -0.301769 
-3.599876 -2.286378 -0.243033 
-3.577876 -2.291833 -0.186991 
-3.547876 -2.297509 -0.138578 
-3.505876 -2.303366 -0.093466 
-3.445876 -2.308991 -0.036324 
-3.345942 -2.312622 0.012835 
-3.245950 -2.311339 0.063106 
-3.146149 -2.305032 0.111087 
-3.046765 -2.293947 0.157174 
-2.971765 -2.282061 0.314253 
-2.899548 -2.258588 0.471333 
-2.882548 -2.249924 0.628413 
-2.851116 -2.222708 0.785492 
-2.851116 -2.222708 0.785492 
-2.820121 -2.191708 0.785492 
-2.806124 -2.177708 0.785492 
-2.793127 -2.164708 0.785492 
-2.780129 -2.151708 0.785492 
-2.768131 -2.139708 0.785492 
-2.757133 -2.128708 0.785492 
-2.746135 -2.117708 0.785492 
-2.736137 -2.107708 0.785492 
-2.726139 -2.097708 0.785492 
-2.717141 -2.088708 0.785492 
-2.708143 -2.079708 0.785492 
-2.700144 -2.071708 0.785492 
-2.692146 -2.063708 0.785492 
-2.684147 -2.055708 0.785492 
-2.677148 -2.048708 0.785492 
-2.670150 -2.041708 0.785492 
-2.664151 -2.035708 0.785492 
-2.658152 -2.029708 0.785492 
-2.652153 -2.023708 0.785492 
-2.646154 -2.017708 0.785492 
-2.641155 -2.012708 0.785492 
-2.636156 -2.007708 0.785492 
-2.631157 -2.002708 0.785492 
-2.626158 -1.997708 0.785492 
-2.622159 -1.993708 0.785492 
-2.618159 -1.989708 0.785492 
-2.614160 -1.985708 0.785492 
-2.610161 -1.981708 0.785492 
-2.610161 -1.981708 0.685492 
-2.610161 -1.981708 0.785492 
-2.610161 -1.981708 0.885492 
-2.606891 -1.977708 1.042572 
-2.603390 -1.971708 1.199651 
-2.598720 -1.959708 1.335109 
-2.594157 -1.940708 1.438313 
-2.588560 -1.898708 1.528957 
-2.584377 -1.798795 1.610472 
-2.588344 -1.698874 1.686704 
-2.599908 -1.599545 1.758120 
-2.618531 -1.501294 1.821042 
-2.635401 -1.435294 1.867543 
-2.650996 -1.384294 1.903785 
-2.665868 -1.341294 1.926022 
-2.679594 -1.304294 1.934824 
-2.693310 -1.268294 1.926057 
-2.705924 -1.234294 1.917255 
-2.718921 -1.198294 1.899580 
-2.730521 -1.164294 1.872840 
-2.741114 -1.130294 1.845735 
-2.751551 -1.093294 1.813644 
-2.761956 -1.051294 1.780949 
-2.771768 -1.005294 1.742811 
-2.781323 -0.950294 1.703677 
-2.790947 -0.878294 1.658369 
-2.799693 -0.778677 1.621827 
-2.804794 -0.678808 1.585285 
-2.806243 -0.578818 1.540672 
-2.795764 -0.379143 1.453838 
-2.795764 -0.379143 1.453838 
-2.768844 -0.184826 1.385173 
-2.768844 -0.184826 1.385173 
-2.738425 -0.026262 1.380295 
-2.726276 0.036738 1.389955 
-2.714209 0.102738 1.404540 
-2.703469 0.166738 1.429098 
-2.692913 0.240738 1.449101 
-2.680773 0.339998 1.473642 
-2.671073 0.439527 1.504715 
-2.664852 0.533527 1.541937 
-2.662283 0.622527 1.574939 
-2.662631 0.706527 1.608741 
-2.665668 0.786527 1.641464 
-2.671048 0.862527 1.673241 
-2.678450 0.934527 1.699023 
-2.687346 1.003527 1.724285 
-2.697402 1.068527 1.739157 
-2.707940 1.130527 1.748965 
-2.718565 1.189527 1.748965 
-2.728649 1.245527 1.739224 
-2.737661 1.298527 1.724511 
-2.745563 1.349527 1.714599 
-2.752514 1.397527 1.689634 
-2.758006 1.443527 1.669277 
-2.762254 1.486527 1.653757 
-2.765664 1.527527 1.627554 
-2.767880 1.566527 1.600747 
-2.768988 1.603527 1.578768 
-2.769267 1.638527 1.556319 
-2.768775 1.672527 1.534012 
-2.767597 1.704527 1.512173 
-2.765836 1.734527 1.490763 
-2.763510 1.763527 1.475002 
-2.760916 1.790527 1.459448 
-2.758009 1.816527 1.444089 
-2.754824 1.841527 1.439031 
-2.751776 1.864527 1.534763 
-2.750983 1.886527 1.420028 
-2.747793 1.907527 1.499502 
-2.746364 1.927527 1.483623 
-2.744704 1.946527 1.457513 
-2.742656 1.964527 1.421730 
-2.740103 1.981527 1.376970 
-2.736766 1.998527 1.319143 
-2.732652 2.014527 1.235510 
-2.727426 2.029527 1.124448 
-2.720247 2.044527 0.967369 
-2.710599 2.058527 0.995839 
-2.702175 2.071527 0.838759 
-2.676821 2.095220 0.697766 
-2.676821 2.095220 0.697766 
-2.649019 2.118893 0.729893 
-2.649019 2.118893 0.729893 
-2.621019 2.139949 0.585090 
-2.605019 2.150548 0.589172 
-2.591019 2.159905 0.572859 
-2.576868 2.169033 0.556490 
-2.562868 2.177742 0.527740 
-2.547868 2.186485 0.502921 
-2.532868 2.194736 0.482096 
-2.518868 2.202062 0.444374 
-2.502868 2.209681 0.414663 
-2.485868 2.217164 0.384622 
-2.466868 2.224855 0.349868 
-2.445868 2.232517 0.318985 
-2.425868 2.239122 0.287637 
-2.403868 2.245631 0.251217 
-2.377868 2.252303 0.214038 
-2.347868 2.258824 0.180750 
-2.310868 2.265586 0.141854 
-2.265868 2.272013 0.101853 
-2.211868 2.277532 0.065740 
-2.120868 2.283523 -0.091340 
-2.021285 2.274401 -0.248420 
-1.953285 2.257153 -0.405499 
-1.929285 2.246850 -0.562579 
-1.912285 2.236130 -0.719658 
-1.896285 2.222107 -0.823018 
-1.880518 2.205107 -0.755253 
-1.865518 2.190985 -0.755253 
-1.851518 2.177805 -0.755253 
-1.838518 2.165566 -0.755253 
-1.825518 2.153327 -0.755253 
-1.813518 2.142029 -0.755253 
-1.801518 2.130732 -0.755253 
-1.790518 2.120376 -0.755253 
-1.780518 2.110961 -0.755253 
-1.770518 2.101547 -0.755253 
-1.761518 2.093074 -0.755253 
-1.752518 2.084600 -0.755253 
-1.744518 2.077069 -0.755253 
-1.736518 2.069537 -0.755253 
-1.728518 2.062005 -0.755253 
-1.721518 2.055415 -0.755253 
-1.714518 2.048825 -0.755253 
-1.707518 2.042235 -0.755253 
-1.701518 2.036586 -0.755253 
-1.695518 2.030937 -0.755253 
-1.689518 2.025289 -0.755253 
-1.684518 2.020581 -0.755253 
-1.679518 2.015874 -0.755253 
-1.674518 2.011167 -0.755253 
-1.669518 2.006460 -0.755253 
-1.665518 2.002694 -0.755253 
-1.657518 1.995162 -0.755253 
-1.657518 1.995162 -0.755253 
-1.649518 1.987630 -0.755253 
-1.649518 1.987630 -0.755253 
-1.645518 1.983865 -0.855253 
-1.645518 1.983865 -0.955253 
-1.641982 1.978865 -1.112332 
-1.638527 1.971865 -1.269412 
-1.633865 1.956865 -1.386908 
-1.629215 1.931865 -1.483939 
-1.623294 1.863865 -1.567514 
-1.622965 1.763865 -1.646414 
-1.630520 1.664151 -1.720243 
-1.645409 1.565266 -1.789851 
-1.663442 1.484266 -1.846732 
-1.680148 1.425266 -1.887969 
-1.695905 1.377266 -1.914863 
-1.710596 1.336266 -1.923711 
-1.724224 1.299266 -1.928117 
-1.738038 1.262266 -1.923720 
-1.750562 1.228266 -1.906098 
-1.762409 1.194266 -1.883885 
-1.774064 1.158266 -1.856935 
-1.784655 1.122266 -1.829598 
-1.795245 1.082266 -1.792583 
-1.806294 1.033266 -1.764192 
-1.815891 0.984266 -1.725630 
-1.825568 0.922266 -1.690963 
-1.835952 0.836266 -1.650291 
-1.843893 0.736581 -1.613498 
-1.848162 0.636673 -1.564628 
-1.847545 0.536674 -1.519650 
-1.842433 0.436805 -1.476543 
-1.833022 0.337249 -1.435012 
-1.819485 0.238170 -1.409897 
-1.805040 0.149170 -1.395105 
-1.791193 0.071170 -1.385346 
-1.778436 0.003170 -1.390193 
-1.765289 -0.068830 -1.399918 
-1.753900 -0.134830 -1.414605 
-1.743035 -0.203830 -1.439342 
-1.732457 -0.283830 -1.459501 
-1.721351 -0.383212 -1.490220 
-1.713518 -0.480212 -1.516477 
-1.708515 -0.572212 -1.554088 
-1.707045 -0.660212 -1.587476 
-1.708430 -0.743212 -1.620865 
-1.712388 -0.822212 -1.653227 
-1.718585 -0.897212 -1.684685 
-1.726820 -0.969212 -1.710231 
-1.736364 -1.037212 -1.725259 
-1.746928 -1.105061 -1.740287 
-1.757367 -1.166061 -1.740287 
-1.777218 -1.282061 -1.730486 
-1.777218 -1.282061 -1.730486 
-1.793701 -1.389268 -1.690842 
-1.793701 -1.389268 -1.690842 
-1.804254 -1.484434 -1.644664 
-1.804254 -1.484434 -1.644664 
-1.809285 -1.566434 -1.597209 
-1.810289 -1.604434 -1.575156 
-1.810446 -1.640434 -1.552627 
-1.809828 -1.674434 -1.530399 
-1.808494 -1.707434 -1.508633 
-1.806564 -1.738434 -1.487290 
-1.804053 -1.768434 -1.471576 
-1.801266 -1.796434 -1.456065 
-1.798155 -1.823434 -1.440748 
-1.794885 -1.848434 -1.440748 
-1.791746 -1.872434 -1.536606 
-1.790960 -1.895434 -1.525660 
-1.789966 -1.917434 -1.406466 
-1.786484 -1.938434 -1.485162 
-1.784767 -1.958434 -1.459018 
-1.782634 -1.977434 -1.423193 
-1.779958 -1.995434 -1.378384 
-1.776646 -2.012434 -1.315678 
-1.772473 -2.028434 -1.236853 
-1.767269 -2.043434 -1.121273 
-1.760032 -2.058434 -0.964194 
-1.750318 -2.072434 -0.996712 
-1.741263 -2.086434 -0.839633 
-1.729602 -2.099434 -0.863668 
-1.718493 -2.112434 -0.887742 
-1.708728 -2.124434 -0.730662 
-1.695728 -2.136084 -0.738674 
-1.684728 -2.146101 -0.581594 
-1.668728 -2.156620 -0.593848 
-1.652728 -2.167423 -0.601997 
-1.638728 -2.177042 -0.581656 
-1.623728 -2.186905 -0.565318 
-1.610728 -2.195152 -0.532527 
-1.595728 -2.203991 -0.507739 
-1.580728 -2.212337 -0.486942 
-1.564728 -2.220809 -0.449277 
-1.548728 -2.228523 -0.419617 
-1.531728 -2.236107 -0.393917 
-1.513728 -2.243589 -0.359298 
-1.493728 -2.251101 -0.328549 
-1.474728 -2.257578 -0.297349 
-1.453728 -2.264013 -0.261119 
-1.428728 -2.270694 -0.224154 
-1.399728 -2.277305 -0.191080 
-1.364728 -2.284076 -0.157286 
-1.322728 -2.290737 -0.117737 
-1.273728 -2.296533 -0.076987 
-1.195728 -2.302549 -0.040116 
-1.095809 -2.306560 0.116964 
-0.996492 -2.294890 0.274043 
-0.929492 -2.276055 0.431123 
-0.866263 -2.246971 0.588203 
-0.855263 -2.239635 0.745282 
-0.835280 -2.217668 0.902362 
-0.835280 -2.217668 0.902362 
-0.816014 -2.195831 0.776233 
-0.807014 -2.186995 0.776233 
-0.799014 -2.179140 0.776233 
-0.791014 -2.171286 0.776233 
-0.784014 -2.164413 0.776233 
-0.777014 -2.157540 0.776233 
-0.770014 -2.150667 0.776233 
-0.764014 -2.144776 0.776233 
-0.758014 -2.138885 0.776233 
-0.752014 -2.132994 0.776233 
-0.746014 -2.127103 0.776233 
-0.741014 -2.122194 0.776233 
-0.736014 -2.117285 0.776233 
-0.731014 -2.112375 0.776233 
-0.727014 -2.108448 0.776233 
-0.723014 -2.104521 0.776233 
-0.719014 -2.100593 0.776233 
-0.715014 -2.096666 0.776233 
-0.711014 -2.092739 0.776233 
-0.711014 -2.092739 0.876233 
-0.707682 -2.088739 1.033313 
-0.704105 -2.082739 1.190392 
-0.699707 -2.071739 1.303546 
-0.695052 -2.054739 1.400238 
-0.690230 -2.026739 1.493277 
-0.684171 -1.948739 1.577516 
-0.684843 -1.848741 1.656185 
-0.693371 -1.749105 1.729403 
-0.709166 -1.650360 1.798546 
-0.727012 -1.573360 1.855116 
-0.743377 -1.517360 1.891602 
-0.758995 -1.470360 1.918447 
-0.773489 -1.430360 1.927280 
-0.787268 -1.393360 1.931679 
-0.799723 -1.360360 1.922899 
-0.812215 -1.326360 1.905270 
-0.824031 -1.292360 1.883049 
-0.835652 -1.256360 1.856087 
-0.846210 -1.220360 1.828738 
-0.856763 -1.180360 1.791704 
-0.867767 -1.131360 1.763297 
-0.877318 -1.082360 1.724712 
-0.886937 -1.020360 1.690022 
-0.897239 -0.934360 1.649319 
-0.905083 -0.834669 1.612496 
-0.909252 -0.734756 1.563581 
-0.908531 -0.634758 1.518650 
-0.903318 -0.534894 1.475581 
-0.893811 -0.435347 1.434083 
-0.880182 -0.336280 1.392586 
-0.865052 -0.252280 1.377974 
-0.835858 -0.107510 1.368138 
-0.835858 -0.107510 1.368138 
-0.811785 0.012551 1.392319 
-0.811785 0.012551 1.392319 
-0.790392 0.140711 1.446397 
-0.780639 0.218711 1.476801 
-0.771253 0.318270 1.507956 
-0.764973 0.418072 1.545283 
-0.762549 0.513072 1.578390 
-0.763232 0.603072 1.612077 
-0.766743 0.688072 1.644699 
-0.772740 0.769072 1.676387 
-0.780901 0.846072 1.702104 
-0.790542 0.919072 1.717225 
-0.800866 0.989072 1.732175 
-0.811610 1.055072 1.737104 
-0.822186 1.118072 1.737104 
-0.832257 1.178072 1.727280 
-0.841250 1.235072 1.717388 
-0.849223 1.289072 1.692475 
-0.855460 1.340072 1.672163 
-0.860444 1.389072 1.656680 
-0.864404 1.435072 1.630541 
-0.867036 1.479072 1.603806 
-0.868423 1.521072 1.581889 
-0.868856 1.560072 1.559509 
-0.868438 1.597072 1.537133 
-0.867226 1.633072 1.515230 
-0.865334 1.667072 1.493762 
-0.862864 1.699072 1.472693 
-0.859813 1.730072 1.457169 
-0.856504 1.759072 1.446948 
-0.853018 1.787072 1.441878 
-0.849648 1.813072 1.436829 
-0.846278 1.838072 1.537430 
-0.845477 1.862072 1.526476 
-0.844502 1.884072 1.510210 
-0.843228 1.905072 1.488838 
-0.841585 1.925072 1.462612 
-0.839521 1.944072 1.431816 
-0.837003 1.962072 1.391728 
-0.833926 1.979072 1.338184 
-0.829899 1.996072 1.258284 
-0.824729 2.012072 1.150450 
-0.818025 2.027072 0.993370 
-0.808252 2.042072 0.836291 
-0.794706 2.057072 0.864327 
-0.782758 2.071072 0.892414 
-0.772281 2.084072 0.735335 
-0.758281 2.096736 0.747350 
-0.745281 2.108783 0.590270 
-0.728281 2.120172 0.602502 
-0.711281 2.131865 0.610638 
-0.696281 2.142363 0.594391 
-0.681281 2.152502 0.574020 
-0.666077 2.162333 0.553650 
-0.650077 2.172223 0.524881 
-0.617799 2.190309 0.462724 
-0.601519 2.198431 0.429337 
-0.585519 2.205756 0.390928 
-0.567519 2.213174 0.360598 
-0.547519 2.220716 0.329867 
-0.525519 2.228248 0.299456 
-0.500519 2.235967 0.263266 
-0.476519 2.242435 0.230962 
-0.447519 2.249255 0.193324 
-0.413519 2.255911 0.154759 
-0.371519 2.262463 0.120091 
-0.313519 2.269462 0.074332 
-0.221519 2.276314 -0.082748 
-0.121861 2.268048 -0.239828 
-0.050861 2.250686 -0.396907 
-0.027861 2.241046 -0.553987 
-0.008861 2.229292 -0.711066 
0.009139 2.213787 -0.854358 
0.026554 2.193787 -0.697278 
0.042554 2.180385 -0.776031 
0.058554 2.164682 -0.776031 
0.073554 2.149960 -0.776031 
0.087554 2.136220 -0.776031 
0.101554 2.122480 -0.776031 
0.114554 2.109721 -0.776031 
0.126554 2.097944 -0.776031 
0.138554 2.086167 -0.776031 
0.149554 2.075371 -0.776031 
0.159554 2.065557 -0.776031 
0.169554 2.055742 -0.776031 
0.178554 2.046909 -0.776031 
0.187554 2.038076 -0.776031 
0.196554 2.029243 -0.776031 
0.204554 2.021392 -0.776031 
0.212554 2.013540 -0.776031 
0.219554 2.006670 -0.776031 
0.226554 1.999800 -0.776031 
0.233554 1.992930 -0.776031 
0.239554 1.987041 -0.776031 
0.245554 1.981153 -0.776031 
0.251554 1.975264 -0.776031 
0.256554 1.970357 -0.776031 
0.261554 1.965450 -0.776031 
0.266554 1.960542 -0.776031 
0.271554 1.955635 -0.776031 
0.275554 1.951710 -0.776031 
0.279554 1.947784 -0.776031 
0.283554 1.943858 -0.933111 
0.287259 1.938858 -1.090191 
0.294830 1.919340 -1.376848 
0.294830 1.919340 -1.376848 
0.299512 1.876375 -1.607613 
0.299512 1.876375 -1.607613 
0.284010 1.685988 -1.762874 
0.264920 1.587827 -1.829912 
0.247160 1.520827 -1.880798 
0.230503 1.468827 -1.925278 
0.214958 1.426827 -1.938486 
0.199935 1.387827 -1.938486 
0.184912 1.348827 -1.925357 
0.171214 1.311827 -1.903345 
0.158436 1.274827 -1.876655 
0.145805 1.234827 -1.849604 
0.134068 1.193827 -1.822157 
0.122256 1.147827 -1.784980 
0.110727 1.094827 -1.746941 
0.099870 1.033827 -1.707920 
0.088831 0.953827 -1.667776 
0.079148 0.854297 -1.626339 
0.073596 0.754451 -1.578034 
0.072873 0.654454 -1.533104 
0.076641 0.554525 -1.489462 
0.084765 0.454855 -1.447480 
0.097066 0.355615 -1.422122 
0.111878 0.256718 -1.397248 
0.126605 0.172718 -1.387475 
0.140325 0.098718 -1.392328 
0.154395 0.020718 -1.402068 
0.167512 -0.056282 -1.416777 
0.179155 -0.131282 -1.441554 
0.192044 -0.230448 -1.461747 
0.202927 -0.329854 -1.492521 
0.210746 -0.429548 -1.534614 
0.214185 -0.524548 -1.567391 
0.214492 -0.614548 -1.600986 
0.211895 -0.700548 -1.633947 
0.206773 -0.781548 -1.665933 
0.199425 -0.858548 -1.691871 
0.190421 -0.932548 -1.712192 
0.180457 -1.002548 -1.722196 
0.170388 -1.068548 -1.727161 
0.160456 -1.131548 -1.727161 
0.150997 -1.191548 -1.717267 
0.142588 -1.248548 -1.702319 
0.135444 -1.302548 -1.692240 
0.129220 -1.353548 -1.671924 
0.124248 -1.402548 -1.651275 
0.120538 -1.448548 -1.635520 
0.117686 -1.492548 -1.619549 
0.115636 -1.534548 -1.592549 
0.114766 -1.574548 -1.570398 
0.114781 -1.612548 -1.547730 
0.115658 -1.650538 -1.525062 
0.117214 -1.684538 -1.503402 
0.122274 -1.749496 -1.466101 
0.122274 -1.749496 -1.466101 
0.129027 -1.809398 -1.450459 
0.129027 -1.809398 -1.450459 
0.135436 -1.862398 -1.547044 
0.135982 -1.885398 -1.430974 
0.139079 -1.907398 -1.516106 
0.140293 -1.929581 -1.499992 
0.141711 -1.949581 -1.484106 
0.143363 -1.968581 -1.463209 
0.145307 -1.986581 -1.432399 
