0.000000 0.000000 
1.000000 0.000000 
1.000000 0.000000 
1.000000 0.000000 
1.000000 0.000000 
1.000000 0.000000 
1.000000 0.000000 
1.000000 0.000000 
1.000000 0.000000 
1.000000 0.000000 
1.000000 0.000000 
1.000000 0.000000 
1.000000 0.000000 
1.000000 0.000000 
1.000000 1.244508 
0.786080 1.013414 
0.625887 0.943993 
0.242316 0.805613 
0.162908 0.863063 
0.124475 0.962518 
0.095849 0.334666 
0.098070 1.501292 
0.111102 0.000000 
0.097214 0.000000 
0.097214 0.000000 
0.097214 0.000000 
0.083326 0.000000 
0.083326 0.000000 
0.069439 0.000000 
0.069439 0.000000 
0.069439 0.000000 
0.069439 0.000000 
0.055551 0.000000 
0.055551 0.000000 
0.055551 0.000000 
0.055551 0.000000 
0.000000 1.000000 
0.052471 0.000000 
0.052471 0.000000 
0.052471 0.000000 
0.000000 1.000000 
0.060744 1.179374 
0.079165 1.381476 
0.127643 1.324834 
0.214964 1.567958 
0.891526 0.802937 
1.000000 1.827418 
1.000000 1.898689 
0.582562 2.042907 
0.329204 2.715242 
0.238684 2.664354 
0.193817 -3.439867 
0.200997 1.978081 
0.166129 -2.999763 
0.188435 1.614760 
0.152285 -1.039299 
0.157325 -0.160542 
0.155232 -0.200969 
0.152744 0.443098 
0.132022 -0.470340 
0.139716 0.362653 
0.117734 -0.507458 
0.125604 0.242221 
0.115197 -0.362241 
0.124477 0.485271 
0.103422 -0.583273 
0.111227 0.000000 
0.111227 -0.243001 
0.097182 -0.447358 
0.106162 -0.533612 
0.114306 -0.416175 
0.123009 -0.505894 
0.141963 -0.558161 
0.160133 -0.703370 
0.385816 -0.682980 
0.358566 -0.711025 
0.394306 -0.796416 
1.000000 -0.849142 
1.000000 -0.779108 
1.000000 -0.726609 
1.000000 0.244511 
1.000000 0.137188 
1.000000 -0.101412 
1.000000 -0.349492 
1.000000 -0.349492 
0.634436 0.808559 
0.634436 0.805480 
1.000000 0.699747 
1.000000 0.460697 
1.000000 0.213136 
1.000000 -0.052315 
1.000000 -0.210189 
1.000000 -0.267586 
0.980503 -0.219364 
0.930047 0.840101 
0.893954 0.674962 
0.526863 0.394254 
0.459247 0.287752 
0.441608 0.047082 
0.411255 -0.140836 
0.389421 -0.378879 
0.376250 -0.485608 
0.504520 -0.553309 
0.692139 -0.736390 
0.660008 -0.675457 
0.621215 -0.640064 
0.594757 -0.607055 
0.569964 0.435631 
0.545624 0.399460 
0.512757 0.257553 
0.481464 0.210511 
0.460747 0.107209 
0.440471 -0.054125 
0.410547 -0.161581 
0.390898 -0.265468 
0.371653 -0.363365 
0.363096 -0.302564 
0.344451 -0.246525 
0.325591 -0.193835 
0.306414 -0.191335 
0.297438 -0.047250 
0.287494 -0.047110 
0.267255 -0.046973 
0.257267 0.889923 
0.242698 0.944817 
0.220330 0.966764 
0.210185 0.108679 
0.200279 0.107610 
0.190384 0.159877 
0.180571 0.262796 
0.170956 0.308551 
0.161506 0.351384 
0.162391 0.440323 
0.153270 0.621039 
0.145224 0.952624 
0.148043 1.023826 
0.151197 1.680478 
0.151197 2.697455 
0.173027 0.521089 
0.191161 0.521089 
0.196102 -0.040577 
0.196102 0.202748 
0.181780 0.203476 
0.179320 0.326875 
0.187363 0.288132 
0.172693 0.373220 
0.180490 0.335407 
0.199668 0.254377 
0.208285 0.385132 
0.204893 0.304225 
0.223816 0.308353 
0.242491 0.357660 
0.260631 0.364398 
0.268353 0.325525 
0.307246 0.379555 
0.376052 0.389257 
0.464593 0.350307 
0.643592 0.462866 
0.611078 0.427896 
0.580080 0.389558 
0.550137 0.387425 
0.520971 0.373858 
0.492385 0.362135 
0.474295 0.351916 
0.456571 0.195967 
0.427653 0.193325 
0.408880 0.143144 
0.389658 0.047279 
0.369550 0.047139 
0.359682 -0.047002 
0.338755 -0.047139 
0.317881 -0.141835 
0.306671 -0.143129 
0.285389 -0.144488 
0.274443 -0.145917 
0.253468 -0.245702 
0.242407 -0.250163 
0.231557 -0.204029 
0.221009 -0.207420 
0.210590 -0.158308 
0.190332 -0.160514 
0.190176 -0.162858 
0.180064 -0.165350 
0.170009 -0.168006 
0.160004 -0.168591 
0.150041 -0.165855 
0.140113 -0.163294 
0.140223 -0.163946 
0.130345 -0.158599 
0.120473 -0.154444 
0.120658 -0.154444 
0.100923 -0.100496 
0.101066 -0.099739 
0.091097 -0.099009 
0.091243 -0.100771 
0.091402 -0.097606 
0.081390 -0.096949 
0.081542 -0.096315 
0.071489 -0.095701 
0.071634 -0.000000 
0.071634 0.000000 
0.061401 0.000000 
0.061401 0.047554 
0.061338 0.047700 
0.051064 0.047849 
0.051014 0.048001 
0.050965 0.048154 
0.050917 0.048311 
0.000000 -1.000000 
0.000000 1.000000 
0.000000 -1.000000 
0.000000 1.000000 
0.000000 1.000000 
0.000000 1.000000 
0.000000 1.000000 
0.000000 1.000000 
0.000000 1.000000 
0.052583 -0.134639 
0.000000 -1.000000 
0.000000 1.000000 
0.000000 -1.000000 
0.000000 -1.000000 
0.000000 1.000000 
0.000000 1.000000 
0.000000 1.000000 
0.000000 -1.000000 
0.000000 1.000000 
0.000000 1.000000 
0.057015 -0.041671 
0.000000 -1.000000 
0.000000 1.000000 
0.000000 1.000000 
0.060463 0.000000 
0.000000 -1.000000 
0.000000 1.000000 
0.000000 -1.000000 
0.000000 -1.000000 
0.000000 -1.000000 
0.000000 1.000000 
0.000000 -1.000000 
0.000000 1.000000 
0.000000 1.000000 
0.000000 -1.000000 
0.000000 1.000000 
0.000000 1.000000 
0.000000 1.000000 
0.000000 -1.000000 
0.000000 1.000000 
0.000000 -1.000000 
0.000000 1.000000 
0.000000 1.000000 
0.065215 0.040156 
0.052348 0.040142 
0.052527 0.000000 
0.052527 0.000000 
0.052527 0.040129 
0.052707 0.040117 
0.000000 1.000000 
0.055061 0.040015 
0.054853 0.080040 
0.000000 1.000000 
0.050080 0.080788 
0.000000 1.000000 
0.000000 1.000000 
0.000000 1.000000 
0.000000 1.000000 
0.000000 -1.000000 
0.000000 1.000000 
0.000000 1.000000 
0.000000 1.000000 
0.000000 1.000000 
0.000000 1.000000 
0.000000 1.000000 
0.000000 1.000000 
0.000000 1.000000 
0.000000 1.000000 
0.000000 1.000000 
0.050731 3.587072 
0.054732 3.839907 
0.084479 1.670448 
0.110377 0.851106 
0.127838 0.749281 
0.166344 0.595270 
0.256034 0.521915 
0.344701 0.589794 
0.543069 0.565425 
0.871081 0.485542 
1.000000 0.509903 
1.000000 0.485580 
1.000000 0.465669 
0.950227 0.448342 
0.493745 0.278582 
0.493745 0.187550 
0.384340 0.042891 
0.384340 0.045100 
0.312412 -0.091288 
0.311598 -0.184898 
0.341046 -0.185462 
0.329175 -0.182874 
0.358514 -0.284528 
0.417507 -0.289897 
0.466021 -0.345137 
0.544344 -0.354155 
0.712950 -0.312322 
1.000000 -1.711046 
1.000000 -1.760600 
0.371971 -1.855506 
0.218214 -2.363303 
0.201737 -3.344652 
0.227248 -0.433632 
0.222652 0.000000 
0.208736 0.000000 
0.208736 0.000000 
0.194821 0.000000 
0.180905 0.000000 
0.180905 0.000000 
0.166989 0.000000 
0.153073 0.000000 
0.153073 0.000000 
0.139158 0.000000 
0.139158 0.000000 
0.125242 0.000000 
0.125242 0.000000 
0.111326 0.000000 
0.111326 0.000000 
0.097410 0.000000 
0.097410 0.000000 
0.097410 0.000000 
0.083495 0.000000 
0.083495 0.000000 
0.083495 0.000000 
0.083495 0.000000 
0.069579 0.000000 
0.069579 0.000000 
0.069579 0.000000 
0.055663 0.000000 
0.055663 0.000000 
0.055663 0.000000 
0.055663 0.000000 
0.055663 0.000000 
0.000000 1.000000 
0.000000 1.000000 
0.000000 1.000000 
0.000000 -1.000000 
0.000000 1.000000 
0.000000 1.000000 
0.000000 1.000000 
0.000000 1.000000 
0.000000 1.000000 
0.000000 1.000000 
0.000000 -1.000000 
0.000000 -1.000000 
0.000000 1.000000 
0.000000 1.000000 
0.000000 1.000000 
0.000000 1.000000 
0.000000 1.000000 
0.000000 -1.000000 
0.000000 -1.000000 
0.000000 1.000000 
0.000000 1.000000 
0.000000 1.000000 
0.000000 1.000000 
0.000000 -1.000000 
0.000000 1.000000 
0.000000 1.000000 
0.000000 1.000000 
0.000000 1.000000 
0.322007 0.566741 
0.271767 0.602876 
0.245542 0.640449 
0.220485 0.640227 
0.195260 -0.160659 
0.184740 -0.160446 
0.187352 -0.200343 
0.177162 -0.120089 
0.165384 0.520182 
0.157816 0.481483 
0.139107 -3.516125 
0.151038 -0.200093 
0.134797 -1.561987 
0.191126 0.081739 
0.168139 0.040801 
0.156556 -0.203839 
0.154475 -0.163762 
0.164649 -0.164372 
0.139725 -1.361516 
0.217294 -0.129412 
0.321258 0.000000 
0.290168 -0.138269 
0.290168 -0.138269 
0.309759 -0.184298 
0.329271 -0.140547 
0.326869 -1.338992 
0.922355 -1.323684 
1.000000 -1.442255 
0.653704 -1.357772 
0.286486 -1.417772 
0.180636 -2.095277 
0.149581 -2.746731 
0.153815 0.000000 
0.153815 0.000000 
0.139832 0.000000 
0.139832 0.000000 
0.125849 0.000000 
0.125849 0.000000 
0.125849 0.000000 
0.111865 0.000000 
0.111865 0.000000 
0.097882 0.000000 
0.097882 0.000000 
0.097882 0.000000 
0.083899 0.000000 
0.083899 0.000000 
0.083899 0.000000 
0.069916 0.000000 
0.069916 0.000000 
0.069916 0.000000 
0.069916 0.000000 
0.055933 0.000000 
0.055933 0.000000 
0.055933 0.000000 
0.055933 0.000000 
0.055933 0.000000 
0.000000 1.000000 
0.000000 -1.000000 
0.000000 1.000000 
0.000000 1.000000 
0.000000 1.000000 
0.000000 1.000000 
0.000000 1.000000 
0.000000 1.000000 
0.000000 -1.000000 
0.000000 -1.000000 
0.000000 1.000000 
0.000000 1.000000 
0.000000 -1.000000 
0.000000 1.000000 
0.000000 1.000000 
0.160753 0.362620 
0.970287 0.427457 
0.970287 0.441937 
1.000000 -0.159801 
1.000000 -0.159801 
1.000000 0.329015 
1.000000 0.329015 
1.000000 -0.569321 
1.000000 -0.326313 
1.000000 -0.168305 
1.000000 0.112191 
1.000000 0.393653 
1.000000 -0.434635 
1.000000 -0.224288 
1.000000 0.055270 
1.000000 0.333382 
1.000000 0.613075 
1.000000 -0.579702 
1.000000 -0.388882 
1.000000 -0.110891 
1.000000 0.164595 
1.000000 0.445869 
1.000000 -0.494743 
1.000000 -0.221885 
0.870774 0.054327 
1.000000 0.273000 
1.000000 0.616463 
1.000000 -0.538327 
1.000000 -0.280362 
1.000000 -0.054963 
1.000000 0.218721 
1.000000 0.614149 
1.000000 -0.270158 
1.000000 -0.055411 
1.000000 0.222831 
1.000000 0.490890 
1.000000 -0.626764 
1.000000 -0.386710 
1.000000 -0.167313 
1.000000 0.054887 
1.000000 0.386204 
1.000000 -0.502637 
1.000000 -0.327432 
0.781917 0.000000 
0.751843 0.211962 
0.710847 0.485973 
1.000000 -0.734893 
0.621689 -0.581033 
0.272363 -0.403063 
0.142100 -0.342392 
0.122602 -0.286739 
0.113110 -0.281577 
0.093210 -0.138452 
0.093568 -0.137370 
0.083506 -0.090893 
0.083858 -0.090233 
0.073807 -0.094914 
0.073807 0.000000 
0.074045 0.088989 
0.063275 0.178759 
0.062909 0.180394 
0.062909 0.182135 
0.051866 0.275982 
0.051866 0.186989 
0.000000 1.000000 
0.120910 0.253691 
0.160762 0.310679 
0.250551 0.372141 
0.490207 0.384947 
0.940042 0.560439 
0.901931 -0.372420 
0.850338 -0.165114 
0.810055 0.055918 
0.770115 0.278077 
0.730743 0.487630 
0.693050 0.623162 
0.668132 -0.445277 
0.633947 -0.307107 
0.591938 -0.209985 
0.561007 -0.053462 
0.540806 0.107435 
0.511090 0.212833 
0.481806 0.313468 
0.463219 0.458357 
0.445969 0.541239 
0.430174 0.521783 
0.415048 0.459692 
0.399805 0.403645 
0.330792 0.351881 
0.270478 0.216575 
0.262064 0.085877 
0.241142 0.042797 
0.230626 -1.110919 
0.315531 0.000000 
0.283978 -1.121813 
0.275653 -1.149593 
0.250969 0.000000 
0.240931 -1.200319 
0.230119 -1.316066 
0.222982 -1.525397 
0.220958 0.179381 
0.209242 -1.720030 
0.211561 -2.494599 
0.219989 -3.279910 
0.250621 0.520065 
0.203413 -3.315087 
0.203413 -3.315087 
0.264953 0.040767 
0.253606 -0.000420 
0.241523 -0.244411 
0.225778 -0.330185 
0.244497 -0.288817 
0.240457 -0.288817 
0.248016 -0.293594 
0.244387 -0.423524 
0.272378 -0.344199 
0.290024 -0.392812 
0.296428 -0.399978 
0.323946 -0.408207 
0.371902 -0.417667 
0.450067 -0.333330 
0.497917 -0.438244 
0.655946 -0.402168 
0.944215 -0.467113 
1.000000 -0.432376 
1.000000 -0.394179 
1.000000 -0.382876 
1.000000 -0.369940 
1.000000 -0.358729 
1.000000 -0.199389 
0.841559 -0.196515 
0.691880 -0.048459 
0.641598 0.096599 
0.670932 0.097239 
0.619033 0.195803 
0.697991 0.248230 
0.786297 0.252923 
0.944849 0.309669 
1.000000 0.317846 
1.000000 0.272529 
1.000000 0.391563 
1.000000 0.385412 
1.000000 0.265804 
1.000000 0.259850 
1.000000 0.203562 
0.959289 0.100197 
0.889899 -0.049725 
0.818509 -0.049909 
0.807828 -0.150290 
0.836454 -0.152030 
0.784665 -0.256445 
0.752619 -0.209537 
0.711389 -0.320046 
0.670312 -0.274598 
0.640003 -0.280271 
0.610191 -0.276031 
0.580803 -0.269070 
0.551743 -0.262802 
0.522923 -0.205705 
0.493938 -0.101192 
0.474411 -0.103069 
0.454879 -0.099650 
0.425200 0.049108 
0.405611 0.049108 
0.364466 0.148369 
0.364466 0.153818 
0.322577 0.151773 
0.311930 0.102397 
0.291487 0.206494 
0.280908 0.210078 
0.260459 0.213949 
0.250181 0.163606 
0.240056 0.166148 
0.230003 0.168857 
0.210015 0.167730 
0.200082 -0.880265 
0.190336 0.213949 
0.180130 -0.927105 
0.181549 -0.958091 
0.174457 0.330245 
0.163043 -0.915789 
0.156309 -0.911752 
0.161282 -1.351552 
0.160541 -2.368338 
0.178399 0.362474 
0.161150 -3.433368 
0.184574 0.320002 
0.165136 -3.519811 
0.189346 0.282346 
0.167817 -0.160816 
0.165663 -0.120824 
0.151485 -0.443683 
0.158837 -0.203041 
0.168686 -0.203808 
0.154552 -0.327469 
0.163095 -0.288745 
0.171851 -0.207844 
0.181241 -0.376413 
0.177807 -0.296382 
0.186325 -0.299595 
0.194755 -0.346500 
0.224141 -0.307801 
0.200586 -0.312337 
0.219488 -0.362733 
0.258614 -0.370141 
0.307535 -0.331226 
0.356324 -0.386852 
0.455111 -0.397595 
0.492993 -0.358693 
0.782162 -1.636542 
1.000000 -1.782196 
0.700028 -1.918559 
0.249382 -2.161076 
0.188134 -3.383562 
0.211167 -1.432903 
0.273753 2.356098 
0.273753 2.045891 
0.154758 0.000000 
0.154758 -0.622461 
0.149737 0.000000 
0.149737 0.000000 
0.136125 0.000000 
0.136125 0.000000 
0.122512 0.000000 
0.122512 0.000000 
0.108900 0.000000 
0.108900 0.000000 
0.108900 0.000000 
0.095287 0.000000 
0.095287 0.000000 
0.081675 0.000000 
0.081675 0.000000 
0.081675 0.000000 
0.081675 0.000000 
0.068062 0.000000 
0.068062 0.000000 
0.068062 0.000000 
0.054450 0.000000 
0.054450 0.000000 
0.054450 0.000000 
0.054450 0.000000 
0.054450 0.000000 
0.000000 -1.000000 
0.053445 -1.956287 
0.071177 -2.253018 
0.119990 -1.418274 
0.176348 -1.011887 
0.283995 -0.883059 
0.782479 -0.788321 
1.000000 -0.734718 
1.000000 -0.687298 
1.000000 -0.650239 
0.817354 -0.525669 
0.620702 -0.416367 
0.502540 -0.226043 
0.432393 -0.178753 
0.382011 0.000000 
0.382011 0.088601 
0.359671 0.088980 
0.369131 0.178742 
0.346020 0.270565 
0.384820 0.320286 
0.391834 0.326256 
0.450249 0.332928 
0.559081 0.291776 
0.566472 0.397216 
0.774818 0.358311 
1.000000 0.421835 
1.000000 0.397913 
1.000000 0.392611 
1.000000 0.365553 
1.000000 0.365553 
0.891421 0.197317 
0.731821 0.197317 
0.652979 -0.048000 
0.601388 -0.096308 
0.579926 -0.193876 
0.648909 -0.147390 
0.627151 -0.297944 
0.785780 -0.253965 
1.000000 -0.362879 
0.971730 -0.320846 
0.920350 -0.275351 
0.870000 -0.395930 
0.830649 -0.381211 
0.792388 -0.263216 
0.754073 -0.206005 
0.715545 -0.202663 
0.687196 -0.099780 
0.647748 -0.049524 
0.617870 0.049346 
0.587023 0.049523 
0.556237 0.149111 
0.524773 0.150786 
0.503615 0.152554 
0.472585 0.257368 
0.451405 0.210348 
0.430721 0.214241 
0.400266 0.163844 
0.380076 0.166401 
0.370002 0.166805 
0.350031 0.167500 
0.330149 0.164834 
0.310335 0.162336 
0.300591 0.159991 
0.280870 0.105190 
0.271079 0.104260 
0.261297 0.103365 
0.241460 0.102503 
0.231673 0.101674 
0.221885 -0.857435 
0.210210 0.108403 
0.200309 0.161018 
0.190488 0.211670 
0.180778 0.259881 
0.171206 0.305376 
0.161800 0.447523 
0.154382 0.578174 
0.154382 0.749144 
0.147184 1.274987 
0.149472 1.344433 
0.163373 3.434873 
0.166049 3.519881 
0.219003 -0.081304 
0.195779 -0.081304 
0.184607 0.202690 
0.181998 0.162728 
0.168009 0.367295 
0.187567 0.288008 
0.195920 0.207243 
0.182270 0.333538 
0.190305 0.294900 
0.198639 0.383057 
0.195292 0.345561 
0.214007 0.350709 
0.232447 0.356535 
0.261135 0.363125 
0.299830 0.324262 
0.297454 0.377941 
0.356180 0.387416 
0.454961 0.348462 
0.583720 0.409047 
0.922394 0.423180 
1.000000 1.648762 
1.000000 1.617832 
0.375069 1.641748 
0.221212 2.294338 
0.181568 3.226542 
0.206095 0.000000 
0.192356 0.000000 
0.178616 0.000000 
0.178616 0.000000 
0.164876 0.000000 
0.151137 0.000000 
0.151137 0.000000 
0.137397 0.000000 
0.137397 0.000000 
0.123657 0.000000 
0.123657 0.000000 
0.109917 0.000000 
0.109917 0.000000 
0.109917 0.000000 
0.096178 0.000000 
0.096178 0.000000 
0.082438 0.000000 
0.082438 0.000000 
0.082438 0.000000 
0.082438 0.000000 
0.068698 0.000000 
0.068698 0.000000 
0.068698 0.000000 
0.054959 0.000000 
0.054959 0.000000 
0.054959 0.000000 
0.054959 0.000000 
0.054959 0.000000 
0.000000 1.000000 
0.000000 1.000000 
0.052980 3.003428 
0.100344 1.647481 
0.157060 1.175215 
0.157060 1.217086 
0.911738 0.800648 
1.000000 0.777842 
1.000000 0.725676 
1.000000 0.637430 
0.760446 0.564069 
0.552901 0.363960 
0.464340 0.223221 
0.425435 0.088333 
0.394806 -0.043986 
0.362205 -0.088151 
0.382289 -0.177031 
0.369391 -0.267834 
0.397603 -0.271534 
0.404831 -0.321527 
0.452913 -0.327642 
0.469995 -0.430045 
0.587849 -0.344475 
0.786550 -0.454381 
1.000000 -0.366610 
1.000000 -0.486762 
1.000000 -0.454022 
1.000000 -0.432686 
1.000000 -0.364588 
1.000000 -0.252901 
0.961088 -0.148874 
0.841701 -0.098187 
0.731395 0.000000 
0.670446 0.146266 
0.709302 0.098525 
0.698078 0.248083 
0.877116 0.202210 
1.000000 0.308193 
1.000000 0.263494 
0.961205 0.377555 
0.910069 0.335306 
0.870196 0.332435 
0.821217 0.322345 
0.782940 0.313450 
0.745185 0.152778 
0.716356 0.150978 
0.677447 0.049758 
0.647603 -0.000000 
0.617247 -0.049576 
0.576337 -0.099515 
0.555316 -0.100258 
0.493456 -0.206414 
0.493456 -0.203641 
0.472256 -0.216856 
0.441322 -0.263270 
0.400123 -0.220873 
0.380001 -0.211858 
0.360062 -0.230877 
0.340294 -0.229368 
0.320667 -0.212983 
0.311145 -0.212983 
0.291672 -0.154111 
0.282115 -0.101492 
0.262306 -0.000000 
0.252217 -0.000000 
0.242128 0.956647 
0.230158 -0.109171 
0.210242 -0.162122 
0.200412 -0.213054 
0.190696 -0.261478 
0.191190 -0.358303 
0.181974 -0.448145 
0.173191 -0.627121 
0.165345 -0.788326 
0.158763 -1.155878 
0.166534 -1.821886 
0.170385 0.325192 
0.166713 -3.272897 
0.174616 0.240355 
0.170980 0.240740 
0.154692 -3.477257 
0.174581 0.040060 
0.161734 -1.722203 
0.190998 0.122635 
0.192552 0.040776 
0.168945 -0.162974 
0.179066 -0.163512 
0.153574 -0.287173 
0.174128 -0.247872 
0.171672 -0.207955 
0.158428 -0.376630 
0.177643 -0.296579 
0.186165 -0.299815 
0.194599 -0.346781 
0.223977 -0.308079 
0.211001 -0.312647 
0.229798 -0.363127 
0.258473 -0.370588 
0.307388 -0.331670 
0.356178 -0.387422 
0.384188 -0.398248 
0.543162 -0.359351 
0.782028 -1.796827 
1.000000 -1.748248 
0.675965 -1.962820 
0.675965 -1.876335 
0.156683 -3.062564 
0.156683 0.000000 
0.163898 0.000000 
0.150240 0.000000 
0.150240 0.000000 
0.136582 0.000000 
0.136582 0.000000 
0.122924 0.000000 
0.122924 0.000000 
0.109266 0.000000 
0.109266 0.000000 
0.109266 0.000000 
0.095607 0.000000 
0.095607 0.000000 
0.081949 0.000000 
0.081949 0.000000 
0.081949 0.000000 
0.081949 0.000000 
0.068291 0.000000 
0.068291 0.000000 
0.068291 0.000000 
0.054633 0.000000 
0.054633 0.000000 
0.054633 0.000000 
0.054633 0.000000 
0.054633 0.000000 
0.000000 1.000000 
0.000000 1.000000 
0.000000 -1.000000 
0.000000 1.000000 
0.000000 1.000000 
0.000000 -1.000000 
0.000000 -1.000000 
0.000000 -1.000000 
0.000000 1.000000 
0.000000 1.000000 
0.000000 1.000000 
0.000000 1.000000 
0.000000 1.000000 
0.061914 0.372218 
0.071604 0.333290 
0.091457 0.438187 
0.111009 0.351845 
0.160799 0.413431 
0.470981 0.479196 
1.000000 0.612148 
1.000000 0.768313 
0.915613 0.145442 
0.915613 0.145442 
0.685643 0.576090 
0.685643 -0.579220 
0.593502 -0.523194 
0.593502 -0.443599 
1.000000 -0.356763 
1.000000 -0.104955 
1.000000 0.052952 
1.000000 0.158133 
1.000000 0.156035 
1.000000 0.000000 
0.945465 0.000000 
0.945465 -1.335153 
1.000000 -1.268593 
0.657663 -1.140736 
0.290276 -1.197393 
0.172751 -1.388987 
0.138718 -1.903934 
0.154652 -1.426413 
0.176941 0.000000 
0.149719 0.000000 
0.136108 0.000000 
0.136108 0.000000 
0.122498 0.000000 
0.122498 0.000000 
0.122498 0.000000 
0.108887 0.000000 
0.108887 0.000000 
0.095276 0.000000 
0.095276 0.000000 
0.095276 0.000000 
0.095276 0.000000 
0.081665 0.000000 
0.081665 0.000000 
0.081665 0.000000 
0.068054 0.000000 
0.068054 0.000000 
0.068054 0.000000 
0.068054 0.000000 
0.054443 0.000000 
0.054443 0.000000 
0.054443 0.000000 
0.054443 0.000000 
0.054443 0.000000 
0.000000 1.000000 
0.000000 1.000000 
0.000000 1.000000 
0.000000 1.000000 
0.000000 -1.000000 
0.000000 1.000000 
0.000000 1.000000 
0.000000 1.000000 
0.000000 1.000000 
0.000000 1.000000 
0.000000 1.000000 
0.000000 -1.000000 
0.000000 -1.000000 
0.000000 -1.000000 
0.000000 1.000000 
0.000000 1.000000 
0.000000 1.000000 
0.000000 1.000000 
0.000000 1.000000 
0.685722 0.504336 
0.559315 0.580381 
0.442068 -0.260808 
0.448289 -0.219854 
0.487105 -0.133282 
0.463815 -0.089439 
0.451944 0.494142 
0.352911 0.438680 
0.293914 0.387533 
0.265887 0.212179 
0.235082 0.168515 
0.203251 -0.921828 
0.248757 -0.953249 
0.324045 -0.997305 
0.499541 -1.058782 
1.000000 -1.042040 
1.000000 -0.948186 
1.000000 -0.718024 
0.559128 -0.486139 
0.534008 -0.235445 
0.516454 -0.092846 
0.486656 0.230862 
0.463199 0.468079 
0.427903 0.530556 
0.424116 0.450835 
0.853797 0.571000 
1.000000 0.491166 
1.000000 0.503181 
1.000000 0.480203 
1.000000 -0.666166 
1.000000 -0.542559 
1.000000 -0.279873 
1.000000 -0.000000 
1.000000 0.272515 
1.000000 0.503409 
1.000000 0.490398 
1.000000 0.365296 
0.958988 0.351290 
0.669902 -0.840727 
0.521155 -0.573141 
0.903876 -0.467841 
0.903876 -0.467841 
0.810000 -0.055891 
0.810000 0.114909 
0.730009 0.112578 
0.700092 0.115046 
0.660254 0.110125 
0.630473 0.106738 
0.600734 0.107936 
0.571035 0.053449 
0.541163 0.000000 
0.511098 0.000000 
0.481034 0.000000 
0.460991 0.000000 
0.440948 0.000000 
0.420904 0.000000 
0.390840 -0.106395 
0.380574 -0.107403 
0.360352 -0.108452 
0.340189 -0.109546 
0.320080 -0.110687 
0.310020 -0.111878 
0.290000 -0.113212 
0.280018 -0.111892 
0.260065 -0.110688 
0.250140 -0.109535 
0.240237 -0.108431 
0.220336 -0.107372 
0.210458 -0.106356 
0.200588 -0.105380 
0.190724 -0.104442 
0.180861 -0.103540 
0.170995 0.000000 
0.170995 0.051336 
0.160849 0.000000 
0.150796 0.000000 
0.140743 0.000000 
0.130690 0.000000 
0.130690 0.000000 
0.120637 0.000000 
0.120637 0.000000 
0.110584 0.000000 
0.100531 0.000000 
0.100531 0.000000 
0.090478 0.000000 
0.090478 0.000000 
0.090478 0.000000 
0.080425 0.000000 
0.080425 0.103100 
0.070301 0.155965 
0.070208 0.105353 
0.060094 0.106319 
0.060094 0.107315 
0.060035 0.106202 
0.060035 0.109440 
0.050004 0.111750 
0.050004 0.113882 
0.000000 1.000000 
0.050304 0.102498 
0.000000 1.000000 
0.000000 -1.000000 
0.000000 -1.000000 
0.000000 -1.000000 
0.000000 1.000000 
0.000000 1.000000 
0.000000 1.000000 
0.000000 -1.000000 
0.000000 1.000000 
0.000000 -1.000000 
0.000000 1.000000 
0.000000 1.000000 
0.000000 -1.000000 
0.000000 -1.000000 
0.000000 1.000000 
0.000000 1.000000 
0.000000 1.000000 
0.054767 -0.042822 
0.000000 1.000000 
0.057486 -0.041496 
0.000000 1.000000 
0.061083 0.000000 
0.000000 1.000000 
0.066039 0.040108 
0.053015 0.040097 
0.053201 0.040086 
0.053389 0.040076 
0.053579 0.080132 
0.053967 0.080098 
0.054363 0.040034 
0.000000 1.000000 
0.053338 0.120235 
0.052782 0.080223 
0.000000 -1.000000 
0.000000 1.000000 
0.000000 -1.000000 
0.000000 1.000000 
0.000000 1.000000 
0.000000 -1.000000 
0.000000 1.000000 
0.000000 1.000000 
0.000000 1.000000 
0.000000 1.000000 
0.000000 1.000000 
0.000000 -1.000000 
0.000000 -1.000000 
0.000000 -1.000000 
0.000000 -1.000000 
0.000000 1.000000 
0.000000 1.000000 
0.000000 1.000000 
0.000000 1.000000 
0.000000 -1.000000 
0.000000 1.000000 
0.000000 1.000000 
0.000000 1.000000 
0.000000 1.000000 
0.000000 1.000000 
0.000000 -1.000000 
0.000000 1.000000 
0.000000 1.000000 
0.000000 1.000000 
0.000000 1.000000 
0.000000 -1.000000 
0.000000 1.000000 
0.000000 1.000000 
0.065220 3.799220 
0.066304 3.799525 
0.082590 1.190258 
0.132659 0.765079 
0.160511 0.613714 
0.188563 0.496801 
0.216897 0.510728 
0.275591 0.431410 
0.364578 0.493869 
0.543239 0.512828 
1.000000 0.482002 
1.000000 0.448193 
1.000000 0.437485 
1.000000 0.420734 
1.000000 0.406498 
0.780155 0.295704 
0.692608 0.289666 
0.543097 0.142111 
0.503761 0.046952 
0.473454 0.000000 
0.452869 -0.093635 
0.431319 -0.094175 
0.409896 -0.236833 
0.448634 -0.192410 
0.436845 -0.292428 
0.525749 -0.298634 
0.795547 -0.254605 
0.823536 -0.363861 
1.000000 -0.321810 
1.000000 0.828773 
0.643682 0.565129 
0.577706 0.393708 
0.275654 0.143698 
0.215056 0.094910 
0.205254 0.000000 
0.205254 -0.094343 
0.163854 -0.237266 
0.173741 -0.286457 
0.475741 -0.395994 
0.453040 -0.395994 
0.491430 -0.685151 
1.000000 -0.673591 
1.000000 0.053480 
1.000000 -0.211873 
1.000000 -0.580196 
1.000000 0.704504 
1.000000 0.533189 
1.000000 0.280152 
1.000000 0.000000 
1.000000 -0.277789 
1.000000 -0.504390 
1.000000 -0.481194 
1.000000 -0.462018 
0.829843 -0.346832 
0.692310 0.918668 
1.000000 0.880533 
1.000000 0.784974 
1.000000 0.583135 
0.625104 0.252683 
0.526158 0.099170 
0.496587 -0.196919 
0.474872 -0.349615 
0.543188 -0.513176 
1.000000 -0.589576 
1.000000 -0.564630 
1.000000 -0.535383 
1.000000 -0.511753 
0.780350 0.836912 
1.000000 0.788502 
1.000000 0.566431 
1.000000 0.321860 
0.983835 0.000000 
0.933639 -0.313021 
1.000000 -0.428808 
1.000000 -0.390497 
1.000000 -0.386474 
1.000000 -0.373039 
1.000000 0.877745 
1.000000 0.725953 
1.000000 0.588307 
0.553874 0.203654 
0.514946 0.000000 
0.484655 -0.100240 
0.463835 -0.353535 
0.492142 -0.467578 
1.000000 -0.486975 
1.000000 -0.507796 
1.000000 -0.484189 
1.000000 -0.464512 
0.950358 0.465706 
0.652265 0.529935 
0.888850 0.313042 
1.000000 0.313042 
1.000000 -0.110345 
1.000000 -0.218414 
1.000000 -0.214120 
1.000000 -0.210166 
1.000000 -0.103258 
0.855289 1.075203 
1.000000 1.080967 
0.844594 0.875257 
0.570469 0.675531 
0.300041 0.601268 
0.210665 0.447705 
0.160537 0.394455 
0.141368 0.215503 
0.131737 0.213705 
0.099792 0.127228 
0.100412 0.126671 
0.101053 -0.126141 
0.078100 -0.126669 
0.077620 -0.127223 
0.077156 -0.213011 
0.087335 -0.214736 
0.086542 -0.346566 
0.106715 -0.395827 
0.115771 -0.448268 
0.134971 -0.505051 
0.164016 -0.520523 
0.436266 -0.538977 
0.412764 -0.612196 
0.871297 0.483468 
0.351862 0.257729 
0.332751 0.151514 
0.323339 0.099855 
0.303585 0.000000 
0.283346 -0.198241 
0.272442 -0.251498 
0.261548 -0.359095 
0.240640 -0.422857 
0.710334 -0.494202 
0.680120 0.666434 
0.370424 0.540440 
0.150782 0.515875 
0.141666 0.396573 
0.132464 0.433894 
0.123438 0.421976 
0.124818 0.411721 
0.115880 0.447623 
0.117743 0.306749 
0.108359 0.302737 
0.109796 0.213680 
0.099806 0.168391 
0.101744 0.052691 
0.090692 0.041805 
0.090896 -0.125257 
0.079006 -0.293388 
0.077845 -0.253916 
0.065931 -0.341661 
0.064958 -0.346288 
0.064076 -0.351533 
0.052735 -0.357466 
0.052143 -0.455224 
0.051503 -0.373808 
0.000000 -1.000000 
0.000000 1.000000 
0.000000 1.000000 
0.052416 -0.451100 
0.000000 -1.000000 
0.000000 -1.000000 
0.000000 1.000000 
0.000000 1.000000 
0.000000 -1.000000 
0.000000 1.000000 
0.000000 1.000000 
0.000000 1.000000 
0.055792 -0.759953 
0.000000 1.000000 
0.000000 1.000000 
0.059921 0.081656 
0.000000 1.000000 
0.064930 1.870693 
0.066615 2.997977 
0.082869 2.213659 
0.141606 1.118866 
0.188173 0.906491 
0.275783 0.813077 
0.453473 0.709723 
1.000000 0.645604 
1.000000 0.615108 
1.000000 0.581299 
1.000000 0.554426 
0.854867 0.387358 
0.656625 0.283249 
0.578538 0.232015 
0.499027 0.091581 
0.437807 0.000000 
0.406535 -0.045560 
0.426815 -0.182696 
0.403928 -0.230732 
0.453016 -0.280678 
0.501245 -0.285652 
0.528895 -0.291138 
0.627478 -0.354425 
0.786176 -0.354425 
1.000000 -0.429758 
1.000000 -0.429758 
1.000000 -0.384108 
1.000000 -0.371002 
1.000000 -0.256895 
1.000000 -0.201412 
0.890367 -0.099199 
0.780301 -0.049244 
0.709947 0.049071 
0.709367 0.147729 
0.748169 0.149329 
0.807126 0.251693 
1.000000 0.256711 
0.943180 0.314656 
0.891144 0.269536 
0.850239 0.276366 
0.800006 0.399312 
0.760731 0.325458 
0.722106 0.263501 
0.693658 0.206212 
0.654978 0.202854 
0.626452 0.099869 
0.597032 0.099134 
0.567574 -0.049212 
0.536739 -0.049387 
0.516083 -0.099130 
0.485004 -0.149789 
0.463842 -0.151501 
0.432792 -0.255515 
0.411596 -0.208720 
0.390883 -0.212481 
0.370391 -0.162413 
0.350155 -0.164877 
0.340030 -0.167501 
0.320002 -0.172680 
0.300065 -0.166288 
0.290203 -0.163699 
0.270391 -0.161272 
0.260636 -0.158990 
0.250923 -0.104562 
0.241116 -0.103655 
0.221256 0.925048 
0.210021 -0.000000 
0.200020 0.000000 
0.190019 -0.000000 
0.180018 0.000000 
0.170017 -0.000000 
0.160016 -0.055787 
0.160031 0.000000 
0.150029 0.000000 
0.140027 0.000000 
0.130025 -0.055487 
0.130025 0.000000 
0.120023 -0.055487 
0.110021 -0.060184 
0.100049 0.059889 
0.100049 0.000000 
0.090029 0.000000 
0.090029 0.000000 
0.080026 0.000000 
0.080026 0.000000 
0.080026 -0.055192 
0.070033 0.000000 
0.070033 0.000000 
0.060028 -0.054904 
0.060040 0.000000 
0.060040 0.000000 
0.060040 -0.054623 
0.050044 0.000000 
0.050044 0.000000 
0.050044 0.000000 
0.050044 -0.054348 
0.000000 -1.000000 
0.000000 -1.000000 
0.000000 1.000000 
0.000000 1.000000 
0.000000 1.000000 
0.000000 1.000000 
0.000000 1.000000 
0.000000 -1.000000 
0.000000 1.000000 
0.000000 -1.000000 
0.000000 1.000000 
0.000000 1.000000 
0.053282 0.660873 
0.000000 1.000000 
0.057580 1.326834 
0.062884 3.309582 
0.069121 3.799946 
0.085109 2.114294 
0.133136 0.720639 
0.150509 0.741290 
0.188519 0.587363 
0.226661 0.560427 
0.305322 0.484125 
0.424065 0.451125 
0.602630 0.571418 
1.000000 0.491589 
1.000000 0.502706 
1.000000 0.479813 
1.000000 0.460867 
0.759360 1.928134 
0.346993 2.109872 
0.190805 2.649604 
0.210146 0.000000 
0.226253 0.000000 
0.212112 0.000000 
0.197971 0.000000 
0.183830 0.000000 
0.183830 0.000000 
0.169690 0.000000 
0.155549 0.000000 
0.155549 0.000000 
0.141408 0.000000 
0.141408 0.000000 
0.127267 0.000000 
0.127267 0.000000 
0.113126 0.000000 
0.113126 0.000000 
0.113126 0.000000 
0.098986 0.000000 
0.098986 0.000000 
0.084845 0.000000 
0.084845 0.000000 
0.084845 0.000000 
0.084845 0.000000 
0.070704 0.000000 
0.070704 0.000000 
0.070704 0.000000 
0.070704 0.000000 
0.056563 0.000000 
0.056563 0.000000 
0.056563 0.000000 
0.056563 0.000000 
0.000000 -1.000000 
0.000000 1.000000 
0.000000 1.000000 
0.051664 3.798994 
0.069468 2.192092 
0.128767 1.354574 
0.195402 1.032045 
0.423713 0.906440 
1.000000 0.815147 
1.000000 0.762322 
1.000000 0.714160 
1.000000 0.629219 
0.681219 0.465013 
0.533310 0.362415 
0.454993 0.222371 
0.394638 0.088019 
0.385245 -0.087668 
0.362645 -0.088018 
0.382742 -0.176756 
0.359243 -0.267395 
0.356121 -0.271051 
0.384439 -0.320910 
0.432697 -0.326952 
0.470348 -0.381380 
0.558239 -0.391339 
0.726404 -0.453082 
1.000000 -0.365420 
1.000000 -0.377229 
1.000000 -0.446132 
1.000000 -0.422202 
1.000000 -0.422202 
0.962164 -0.264455 
0.962164 -0.096915 
0.652404 0.048141 
0.641607 0.096594 
0.670941 0.145852 
0.648948 0.245587 
0.747492 0.200030 
1.000000 0.245404 
1.000000 0.310735 
0.942056 0.372214 
0.890371 0.330026 
0.840007 0.338014 
0.800576 0.327233 
0.761902 0.317767 
0.723795 0.257828 
0.695712 0.252613 
0.657732 0.148717 
0.628892 0.098088 
0.599490 0.000000 
0.569007 -0.097415 
0.537607 -0.147125 
0.516085 -0.099128 
0.485006 -0.249644 
0.463267 -0.203575 
0.432094 -0.155198 
0.411415 -0.262031 
0.390629 -0.268068 
0.370166 -0.219791 
0.350011 -0.224492 
0.340036 -0.223068 
0.320217 -0.218390 
0.300516 -0.214098 
0.290931 -0.157610 
0.271244 -0.155542 
0.261620 -0.153590 
0.252020 -0.050582 
0.232011 0.957323 
0.220143 -1.147350 
0.212410 0.794744 
0.200509 -0.158797 
0.190724 -0.261102 
0.181161 -0.357824 
0.171906 -0.447605 
0.173244 -0.578268 
0.165204 -0.836326 
0.158845 -1.110619 
0.166292 -1.738999 
0.170028 0.284701 
0.154907 -3.272188 
0.174775 0.162137 
0.193171 0.160864 
0.171993 0.160410 
0.161021 -1.722653 
0.190390 0.122764 
0.191924 0.040816 
0.168390 -0.163131 
0.168390 -0.163683 
0.164878 -0.287499 
0.173622 -0.248193 
0.171198 -0.208254 
0.158009 -0.377218 
0.177211 -0.297110 
0.185741 -0.300409 
0.204975 -0.347540 
0.223543 -0.308830 
0.210625 -0.313484 
0.229425 -0.364194 
0.268426 -0.371796 
0.307005 -0.332871 
0.376127 -0.388962 
0.454566 -0.400013 
0.542813 -0.361133 
0.911970 -1.755247 
1.000000 -1.873399 
0.701536 -1.955175 
0.261180 -2.239685 
0.200974 -3.384791 
0.212757 -1.033592 
0.231860 0.677649 
0.206016 0.000000 
0.192282 0.000000 
0.178547 0.000000 
0.178547 0.000000 
0.164813 0.000000 
0.164813 0.000000 
0.151078 0.000000 
0.137344 0.000000 
0.137344 0.000000 
0.123610 0.000000 
0.123610 0.000000 
0.109875 0.000000 
0.109875 0.000000 
0.109875 0.000000 
0.096141 0.000000 
0.096141 0.000000 
0.096141 0.000000 
0.082406 0.000000 
0.082406 0.000000 
0.082406 0.000000 
0.068672 0.000000 
0.068672 0.000000 
0.068672 0.000000 
0.068672 0.000000 
0.054938 0.000000 
0.054938 0.000000 
0.054938 0.000000 
0.054938 0.000000 
0.054938 0.000000 
0.000000 -1.000000 
0.000000 -1.000000 
0.061240 -3.003218 
0.078061 -1.647253 
0.157080 -1.174963 
0.254287 -0.970306 
0.682573 -0.835748 
1.000000 -0.789001 
1.000000 -0.738295 
1.000000 -0.696078 
0.829830 -0.568809 
0.613197 -0.412368 
0.505199 -0.268947 
0.435526 -0.088478 
0.394301 -0.044056 
0.394946 0.043967 
0.362332 0.176225 
0.360051 0.222122 
0.378395 0.269505 
0.375258 0.273368 
0.413780 0.370146 
0.502303 0.283912 
0.499308 0.385623 
0.627507 0.346666 
0.866247 0.406724 
1.000000 0.367924 
1.000000 0.488700 
1.000000 0.449783 
1.000000 0.431074 
1.000000 0.415306 
1.000000 0.251156 
0.901646 0.147919 
0.792195 0.097583 
0.691863 -0.048463 
0.731904 -0.097250 
0.669754 -0.146870 
0.698503 -0.247373 
0.806962 -0.201590 
1.000000 -0.307193 
0.973157 -0.262561 
0.921359 -0.376114 
0.880123 -0.333880 
0.830115 -0.333889 
0.790991 -0.323620 
0.752555 -0.314578 
0.724695 -0.255466 
0.686664 -0.150278 
0.657832 -0.099074 
0.618868 0.000000 
0.557996 0.098009 
0.557996 0.147014 
0.526701 0.249423 
0.505302 0.203381 
0.452246 0.258404 
0.421148 0.258404 
0.400462 0.216147 
0.380133 0.220527 
0.360003 0.225294 
0.340056 0.222272 
0.330269 0.217661 
0.310600 0.213428 
0.301049 0.157146 
0.281384 0.155104 
0.271787 0.153177 
0.252129 -0.000000 
0.242044 -0.958586 
0.230135 0.109459 
0.220224 1.191941 
0.212868 -0.786959 
0.200736 0.261440 
0.191193 0.358254 
0.181979 0.448089 
0.173196 0.627053 
0.165352 0.788255 
0.158771 1.155795 
0.166546 1.948900 
0.170401 -0.325184 
0.166728 3.386350 
0.174638 -0.240353 
0.171001 -0.240737 
0.154709 3.477265 
0.174559 -0.080120 
0.148777 1.681836 
0.191482 -0.122536 
0.193052 -0.081490 
0.169860 0.203411 
0.179522 0.163379 
0.153952 0.327909 
0.174109 0.247883 
0.171655 0.207965 
0.181043 0.376651 
0.177628 0.296597 
0.186149 0.257002 
0.194929 0.346191 
0.213642 0.307495 
0.200737 0.311996 
0.219638 0.362299 
0.258772 0.369649 
0.297441 0.330737 
0.356488 0.337948 
0.425249 0.395483 
0.493416 0.407502 
0.782317 0.368714 
1.000000 1.632883 
1.000000 1.681972 
0.695970 1.742955 
0.231151 1.961833 
0.132221 2.732965 
0.165649 0.000000 
0.165649 -1.261288 
0.126129 0.000000 
0.126129 0.000000 
0.112114 0.000000 
0.112114 0.000000 
0.098100 0.000000 
0.098100 0.000000 
0.098100 0.000000 
0.084086 0.000000 
0.084086 0.000000 
0.084086 0.000000 
0.084086 0.000000 
0.070071 0.000000 
0.070071 0.000000 
0.070071 0.000000 
0.056057 0.000000 
0.056057 0.000000 
0.056057 0.000000 
0.056057 0.000000 
0.056057 0.000000 
0.000000 1.000000 
0.052061 1.590065 
0.069849 1.650461 
0.118469 1.131536 
0.176257 0.966920 
0.284123 0.930385 
0.782350 0.842390 
1.000000 0.786692 
1.000000 0.732183 
1.000000 0.691432 
0.790411 0.565703 
0.583423 0.364853 
0.495268 0.268455 
0.425452 0.088329 
0.394823 0.043984 
0.352720 -0.087793 
0.362223 -0.176292 
0.359947 -0.222211 
0.378293 -0.269621 
0.375164 -0.273495 
0.413686 -0.370332 
0.502204 -0.284070 
0.499221 -0.385856 
0.627417 -0.346898 
0.866149 -0.407025 
1.000000 -0.368230 
1.000000 -0.489150 
1.000000 -0.449318 
1.000000 -0.430685 
1.000000 -0.414976 
1.000000 -0.162507 
0.853518 -0.146118 
0.623363 0.047757 
0.623363 0.097161 
0.601155 0.144653 
0.601155 0.243484 
0.698278 0.297295 
0.786074 0.304036 
1.000000 0.311546 
1.000000 0.373275 
0.950309 0.331073 
0.900026 0.336863 
0.850725 0.326226 
0.812217 0.316879 
0.774313 0.257171 
0.736339 0.151209 
0.707572 0.149493 
0.668688 0.049289 
0.638814 0.000000 
0.608394 -0.098231 
0.577051 -0.098928 
0.545854 -0.249126 
0.513799 -0.203121 
0.492528 -0.154832 
0.461702 -0.261385 
0.440786 -0.267356 
0.420229 -0.219161 
0.390024 -0.223805 
0.370024 -0.223763 
0.360204 -0.219026 
0.340526 -0.214683 
0.320952 -0.210685 
0.311498 -0.155246 
0.291882 -0.102208 
0.282161 -0.050694 
0.262176 -0.050496 
0.252260 1.006015 
0.240134 -0.109544 
0.220216 -0.162659 
0.210386 -0.213725 
0.200674 -0.262253 
0.191117 -0.307960 
0.181752 -0.400879 
0.172762 -0.535446 
0.174705 -0.798999 
0.168144 -1.078339 
0.164303 -1.670047 
0.179025 -3.345905 
0.202112 0.280363 
0.184051 0.280874 
0.166969 -3.436778 
0.188779 0.120151 
0.177234 -1.721246 
0.204624 0.122321 
0.206331 0.081357 
0.183087 -0.162475 
0.181052 -0.203705 
0.178630 -0.327284 
0.188100 -0.287691 
0.181934 -0.294837 
0.181934 -0.333873 
0.175971 -0.384091 
0.194688 -0.303293 
0.213747 -0.307314 
0.232537 -0.304113 
0.261644 -0.361895 
0.248564 -0.323043 
0.297911 -0.376383 
0.346454 -0.385642 
0.425080 -0.346684 
0.584208 -0.457592 
0.922547 -1.794985 
1.000000 -1.834545 
0.730920 -2.152472 
0.249387 -2.463582 
0.223415 -3.383568 
0.237572 -1.432911 
0.265200 2.356093 
0.208716 -0.787535 
0.224184 0.000000 
0.210173 0.000000 
0.196161 0.000000 
0.196161 0.000000 
0.182150 0.000000 
0.168138 0.000000 
0.168138 0.000000 
0.154127 0.000000 
0.140115 0.000000 
0.140115 0.000000 
0.126104 0.000000 
0.126104 0.000000 
0.126104 0.000000 
0.112092 0.000000 
0.112092 0.000000 
0.098081 0.000000 
0.098081 0.000000 
0.098081 0.000000 
0.084069 0.000000 
0.084069 0.000000 
0.084069 0.000000 
0.070058 0.000000 
0.070058 0.000000 
0.070058 0.000000 
0.070058 0.000000 
0.056046 0.000000 
0.056046 0.000000 
0.056046 -3.839993 
0.062230 -3.878679 
0.101498 -1.965339 
0.147661 -1.295771 
0.285350 -1.011886 
0.911889 -0.849366 
1.000000 -0.703246 
1.000000 -0.670377 
0.693139 -0.508859 
0.546027 -0.444803 
0.447844 -0.132074 
0.417935 0.000000 
0.417935 0.131288 
0.394541 0.220115 
0.391446 0.266903 
0.419468 0.270512 
0.426468 0.274473 
0.474925 0.371765 
0.542394 0.380389 
0.619587 0.390208 
0.807581 0.401442 
1.000000 0.414373 
1.000000 0.483046 
1.000000 0.449308 
1.000000 0.436413 
1.000000 0.419828 
1.000000 0.253577 
1.000000 0.248741 
0.852811 0.097729 
0.752611 -0.048534 
0.792589 -0.097394 
0.781092 -0.147093 
0.758985 -0.247766 
1.000000 -0.201933 
1.000000 -0.307746 
1.000000 -0.420923 
0.950622 -0.327769 
0.900005 -0.335949 
0.860392 -0.329612 
0.811618 -0.319863 
0.773498 -0.259377 
0.745457 -0.203217 
0.707056 -0.100038 
0.667637 -0.049648 
0.637781 -0.000000 
0.607410 0.098937 
0.576169 0.149489 
0.544704 0.100790 
0.513784 0.203159 
0.492516 0.206484 
0.461494 0.157550 
0.440923 0.159710 
0.420500 0.270005 
0.400095 0.221509 
0.380000 0.226680 
0.360096 0.221231 
0.340356 0.216598 
0.320728 0.156414 
0.311233 0.156414 
0.291597 0.000000 
0.282040 0.000000 
0.251821 -0.965841 
0.230065 1.160700 
0.222168 -0.851326 
0.222168 0.161138 
0.200502 0.158865 
0.190716 0.208966 
0.181047 0.308108 
0.171641 0.451187 
0.162733 0.533805 
