4.500000 2.200000 3.141593 
4.391747 2.200000 3.141188 
4.303791 2.200036 3.141217 
4.184270 2.200080 -3.139116 
4.080905 2.199824 3.139769 
3.970438 2.200026 -3.139414 
3.946186 2.199973 -3.140768 
3.818130 2.199867 -3.138319 
3.764762 2.199693 -3.136201 
3.629563 2.198964 -3.132366 
3.550659 2.198236 -3.129013 
3.438830 2.196829 -3.128108 
3.308685 2.195074 -3.127276 
3.198194 2.193492 -3.128401 
3.075556 2.185671 -3.011662 
2.991314 2.170603 -2.934176 
2.974352 2.166480 -2.877927 
2.921964 2.150990 -2.832252 
2.924932 2.152103 -2.745163 
2.922474 2.150900 -2.642380 
2.921468 2.150327 -2.598895 
2.922917 2.151358 -2.453733 
2.917324 2.146761 -2.453718 
2.908956 2.139885 -2.453866 
2.900400 2.132856 -2.453788 
2.891753 2.125752 -2.453883 
2.885798 2.120860 -2.453961 
2.875979 2.112794 -2.453912 
2.868148 2.106362 -2.453806 
2.862244 2.101511 -2.453815 
2.856540 2.096825 -2.454031 
2.847927 2.089751 -2.454055 
2.845032 2.087373 -2.453979 
2.837370 2.081081 -2.453935 
2.833181 2.077640 -2.454103 
2.829268 2.074427 -2.454316 
2.834584 2.079223 -2.368409 
2.829928 2.074679 -2.368492 
2.823805 2.068704 -2.368742 
2.821787 2.066737 -2.368406 
2.819766 2.064509 -2.246064 
2.813979 2.056322 -2.113940 
2.822840 2.073863 -1.961308 
2.822370 2.072441 -1.824524 
2.820459 2.061867 -1.683185 
2.810585 1.946756 -1.637011 
2.813164 1.866777 -1.438809 
2.837291 1.777776 -1.168214 
2.875486 1.709816 -0.936250 
2.882081 1.703064 -0.664381 
2.861264 1.715314 -0.403997 
2.840976 1.728760 -0.744780 
2.828424 1.738076 -0.545772 
2.863398 1.708637 -0.870799 
2.895718 1.676237 -0.720949 
2.873210 1.698796 -0.853961 
2.882807 1.687565 -0.873784 
2.886658 1.682913 -0.886240 
2.907083 1.658945 -0.841211 
2.917147 1.647225 -0.885636 
2.922036 1.641450 -0.846646 
2.936351 1.624460 -0.891866 
2.943592 1.615651 -0.869940 
2.950864 1.606721 -0.905274 
2.961969 1.593419 -0.855888 
2.969232 1.584453 -0.932020 
2.978029 1.572606 -0.931508 
2.981678 1.567640 -0.944207 
2.982509 1.566433 -0.994596 
2.993329 1.548733 -1.048098 
2.997474 1.541165 -1.093284 
2.997167 1.541786 -1.123826 
3.009160 1.514698 -1.185307 
3.013821 1.501674 -1.264588 
3.019777 1.481752 -1.303261 
3.027654 1.448681 -1.377479 
3.036623 1.387946 -1.465734 
3.047275 1.250247 -1.510301 
3.044310 1.094914 -1.668719 
3.032373 1.004298 -1.721574 
3.020469 0.929895 -1.737939 
2.997588 0.805939 -1.766226 
2.976495 0.701037 -1.775312 
2.950420 0.550238 -1.714481 
2.930671 0.428453 -1.752374 
2.922294 0.363799 -1.642532 
2.919446 0.282402 -1.567126 
2.922935 0.149963 -1.520555 
2.924792 0.124391 -1.477661 
2.927903 0.084260 -1.511956 
2.936513 -0.074606 -1.520301 
2.947895 -0.216109 -1.452598 
2.958495 -0.336316 -1.518458 
2.962022 -0.415361 -1.530063 
2.975558 -0.544719 -1.411492 
2.983341 -0.583574 -1.338632 
2.996589 -0.637606 -1.320787 
3.007428 -0.678811 -1.306225 
3.017851 -0.715896 -1.288936 
3.029449 -0.756658 -1.297587 
3.038963 -0.792515 -1.323750 
3.049175 -0.836450 -1.363319 
3.060914 -0.900379 -1.418451 
3.070929 -0.986553 -1.510064 
3.073682 -1.055317 -1.532282 
3.072793 -1.141276 -1.621907 
3.069125 -1.189317 -1.674001 
3.064730 -1.270836 -1.575755 
3.067298 -1.339658 -1.496525 
3.070660 -1.386131 -1.506321 
3.073308 -1.426036 -1.496627 
3.077290 -1.485606 -1.510131 
3.080232 -1.530765 -1.500955 
3.084080 -1.587551 -1.503608 
3.086614 -1.629359 -1.514035 
3.088399 -1.669830 -1.539294 
3.089266 -1.717035 -1.566577 
3.088981 -1.749642 -1.590788 
3.087252 -1.785031 -1.644958 
3.084219 -1.820420 -1.668631 
3.080016 -1.863921 -1.667144 
3.076544 -1.897823 -1.681167 
3.073072 -1.929899 -1.677291 
3.071975 -1.945067 -1.606718 
3.072719 -1.986965 -1.485985 
3.075250 -2.005052 -1.376239 
3.078380 -2.019702 -1.344528 
3.083135 -2.040665 -1.348799 
3.090536 -2.072004 -1.327473 
3.094997 -2.088456 -1.282793 
3.100031 -2.104316 -1.239195 
3.102116 -2.110048 -1.202909 
3.115163 -2.141860 -1.158481 
3.129948 -2.172567 -1.085618 
3.146087 -2.200238 -0.997227 
3.160615 -2.220148 -0.876601 
3.169005 -2.228477 -0.686709 
3.227638 -2.265818 -0.452300 
3.237209 -2.270153 -0.402721 
3.260905 -2.279576 -0.349746 
3.284160 -2.288180 -0.359657 
3.301350 -2.294401 -0.334862 
3.321787 -2.301123 -0.298343 
3.326251 -2.302430 -0.269012 
3.341975 -2.306414 -0.230642 
3.365798 -2.311649 -0.200056 
3.376669 -2.313689 -0.172783 
3.403416 -2.317944 -0.142235 
3.420570 -2.320023 -0.095720 
3.434863 -2.321263 -0.080165 
3.485287 -2.324061 -0.031294 
3.491898 -2.324102 0.017893 
3.512830 -2.323414 0.041144 
3.534601 -2.321888 0.094939 
3.538605 -2.321415 0.140360 
3.578548 -2.315340 0.160807 
3.626838 -2.307017 0.179401 
3.685769 -2.295081 0.219661 
3.766796 -2.274591 0.284998 
3.838353 -2.251145 0.343199 
3.895993 -2.228789 0.397501 
3.947390 -2.206914 0.408077 
4.004277 -2.182223 0.411133 
4.056336 -2.157935 0.469706 
4.098122 -2.135936 0.500338 
4.133504 -2.115977 0.526067 
4.180538 -2.088566 0.531993 
4.199785 -2.077788 0.490306 
4.236188 -2.058676 0.476498 
4.260141 -2.046626 0.457639 
4.299184 -2.026961 0.476485 
4.338235 -2.007125 0.465491 
4.368793 -1.992392 0.431007 
4.410671 -1.973890 0.401399 
4.437555 -1.962822 0.380702 
4.457111 -1.955177 0.361671 
4.488974 -1.943843 0.318266 
4.514764 -1.935761 0.286150 
4.528925 -1.931698 0.272795 
4.559210 -1.923600 0.248471 
4.584940 -1.917388 0.225769 
4.606820 -1.912574 0.207667 
4.623406 -1.909177 0.199393 
4.636574 -1.906619 0.183216 
4.651781 -1.903945 0.165061 
4.663842 -1.902037 0.148061 
4.672757 -1.900791 0.129574 
4.692824 -1.898370 0.108227 
4.711499 -1.896528 0.089150 
4.727441 -1.895288 0.067840 
4.730292 -1.895119 0.049343 
4.742247 -1.894591 0.037935 
4.751413 -1.894294 0.026866 
4.761160 -1.894079 0.017109 
4.777334 -1.893889 0.004866 
4.786676 -1.893885 -0.002747 
4.793429 -1.893947 -0.014753 
4.798930 -1.894045 -0.021118 
4.806296 -1.894249 -0.034046 
4.813788 -1.894508 -0.035348 
4.819880 -1.894723 -0.035458 
4.825508 -1.894923 -0.035391 
4.834485 -1.895188 -0.022639 
4.842077 -1.895336 -0.016284 
4.844473 -1.895367 -0.010687 
4.847745 -1.895396 -0.007283 
4.851063 -1.895415 -0.004800 
4.854850 -1.895424 0.000855 
4.845154 -1.894986 -0.084384 
4.841153 -1.894863 0.030729 
4.834383 -1.894707 -0.081944 
4.833802 -1.894693 0.025667 
4.816361 -1.895988 0.121692 
4.818714 -1.895548 0.259254 
4.823329 -1.894072 0.348495 
4.821842 -1.894693 0.433606 
4.803602 -1.904312 0.534166 
4.811504 -1.899705 0.519704 
4.827477 -1.891565 0.416675 
4.814898 -1.897910 0.481639 
4.802085 -1.903883 0.378249 
4.805074 -1.902878 0.273235 
4.811988 -1.900472 0.396824 
4.828848 -1.892508 0.481440 
4.814330 -1.900952 0.565128 
4.799614 -1.909430 0.493772 
4.780924 -1.920839 0.621478 
4.756557 -1.940157 0.713417 
4.760792 -1.936511 0.707508 
4.740737 -1.951930 0.613709 
4.735493 -1.956092 0.716039 
4.738356 -1.953352 0.811668 
4.741001 -1.950564 0.811667 
4.738506 -1.952958 0.706842 
4.740172 -1.951380 0.802096 
4.738011 -1.953390 0.698087 
4.745018 -1.948139 0.614066 
4.749731 -1.945132 0.528083 
4.732949 -1.956290 0.640020 
4.727654 -1.959946 0.556966 
4.725316 -1.961563 0.655887 
4.713212 -1.971975 0.773755 
4.719062 -1.966863 0.663282 
4.710436 -1.974406 0.755079 
4.702017 -1.983211 0.866102 
4.700701 -1.984919 0.967165 
4.702506 -1.982572 0.867014 
4.705399 -1.978833 0.941817 
4.694222 -1.992419 0.815158 
4.695858 -1.990508 0.910442 
4.697441 -1.988208 1.014594 
4.701588 -1.981493 1.021584 
4.705866 -1.974463 1.026472 
4.709665 -1.968187 1.026587 
4.711967 -1.964384 1.026461 
4.716309 -1.957174 1.030985 
4.717431 -1.955286 1.037610 
4.718202 -1.953819 1.128571 
4.720703 -1.948511 1.131942 
4.722278 -1.945117 1.140875 
4.732135 -1.920800 1.224415 
4.733926 -1.915794 1.230362 
4.730050 -1.928315 1.303269 
4.732605 -1.916988 1.397875 
4.731774 -1.923993 1.496213 
4.731696 -1.926656 1.596579 
4.731763 -1.923942 1.504111 
4.731803 -1.918923 1.637672 
4.733213 -1.930750 1.751954 
4.733564 -1.932269 1.849464 
4.738062 -1.945344 1.965062 
4.728797 -1.925786 2.068552 
4.728095 -1.924615 2.160195 
4.725744 -1.921430 2.243557 
4.714715 -1.909065 2.356797 
4.719631 -1.913511 2.483486 
4.718991 -1.913061 2.589652 
4.646597 -1.884737 2.949317 
4.624404 -1.883879 -2.958001 
4.609058 -1.888154 -2.787310 
4.606268 -1.889297 -2.715717 
4.602526 -1.891155 -2.647964 
4.580953 -1.903637 -2.577740 
4.567450 -1.912519 -2.545359 
4.543792 -1.929630 -2.474936 
4.502130 -1.964074 -2.419811 
4.453347 -2.010399 -2.350268 
4.401809 -2.065473 -2.293858 
4.314502 -2.180395 -2.153846 
4.285467 -2.228424 -2.073573 
4.220053 -2.348258 -2.070715 
4.187166 -2.411252 -2.033447 
4.172322 -2.442379 -1.998939 
4.152196 -2.486232 -2.003619 
4.136681 -2.520851 -1.979265 
4.123451 -2.552127 -1.961255 
4.117186 -2.566956 -1.977091 
4.103729 -2.597515 -1.998305 
4.093196 -2.619865 -2.022308 
4.081453 -2.642982 -2.060820 
4.065779 -2.671528 -2.088845 
4.052941 -2.694184 -2.083915 
4.028599 -2.736589 -2.096917 
3.990769 -2.800769 -2.109489 
3.939384 -2.872358 -2.270488 
3.869231 -2.938950 -2.465912 
3.891168 -2.925073 -2.674399 
3.843118 -2.942296 -2.943297 
3.806993 -2.943539 2.973067 
3.775650 -2.937255 2.919345 
3.751077 -2.931702 2.919150 
3.736921 -2.928500 2.918772 
3.714631 -2.923449 2.917739 
3.700300 -2.920186 2.918284 
3.684294 -2.916552 2.917688 
3.676995 -2.914889 2.917451 
3.648904 -2.908486 2.917697 
3.633686 -2.905020 2.917444 
3.616592 -2.901123 2.918375 
3.594992 -2.896220 2.918725 
3.567437 -2.889975 2.918957 
3.550784 -2.886205 2.919268 
3.537254 -2.883146 2.919504 
3.522056 -2.879714 2.918934 
3.509557 -2.876884 2.919415 
3.501087 -2.874971 2.919285 
3.490941 -2.872678 2.918765 
3.477872 -2.869716 2.918893 
3.465416 -2.866896 2.918948 
3.457805 -2.865173 2.918963 
3.451745 -2.863801 2.918985 
3.437830 -2.860651 2.919009 
3.429247 -2.858708 2.919003 
3.424332 -2.857596 2.919489 
3.418886 -2.856366 2.919805 
3.413699 -2.855196 2.920063 
3.409977 -2.854358 2.919632 
3.402260 -2.852616 2.919668 
3.397273 -2.851491 2.919645 
3.392665 -2.850451 2.919710 
3.384164 -2.848949 3.005738 
3.384773 -2.849001 3.113358 
3.403281 -2.848771 -3.083781 
3.415012 -2.848721 3.091403 
3.415720 -2.848722 -3.102515 
3.426530 -2.847801 -2.983010 
3.443749 -2.844198 -2.879750 
3.440516 -2.845236 -2.799553 
3.457859 -2.838138 -2.720358 
3.475584 -2.828995 -2.604773 
3.498092 -2.816803 -2.678134 
3.485315 -2.822390 -2.761176 
3.491251 -2.819660 -2.657715 
3.493879 -2.818091 -2.550991 
3.501782 -2.812184 -2.451260 
3.487980 -2.824872 -2.352110 
3.478819 -2.835315 -2.218221 
3.492053 -2.819680 -2.336080 
3.481649 -2.829337 -2.469194 
3.479138 -2.831592 -2.368417 
3.475358 -2.835636 -2.278982 
3.463158 -2.851445 -2.172241 
3.472675 -2.835936 -2.061342 
3.480085 -2.823457 -2.152678 
3.486273 -2.812903 -2.063429 
3.485418 -2.814755 -1.948139 
3.485526 -2.814437 -1.855829 
3.484967 -2.816787 -1.755413 
3.481751 -2.837886 -1.691197 
3.476948 -2.891677 -1.630075 
3.475675 -2.950362 -1.553545 
3.477364 -2.985320 -1.481555 
3.479455 -3.011428 -1.501276 
3.480505 -3.028856 -1.520021 
3.481816 -3.062044 -1.543784 
3.482182 -3.078136 -1.553144 
3.482523 -3.086149 -1.503384 
3.484727 -3.109966 -1.452564 
3.481541 -3.232251 -1.806946 
3.477367 -3.248896 -1.822484 
3.478220 -3.246418 -1.994075 
3.472735 -3.258376 -2.008003 
3.466449 -3.271927 -2.002538 
3.464347 -3.276368 -2.020632 
3.458081 -3.289109 -2.036122 
3.452355 -3.300302 -2.048718 
3.437238 -3.324774 -2.184651 
3.428662 -3.336620 -2.209776 
3.409985 -3.362039 -2.199561 
3.383582 -3.397814 -2.212390 
3.365942 -3.420982 -2.228837 
3.340414 -3.453612 -2.243487 
3.320268 -3.478294 -2.264774 
3.283613 -3.516048 -2.415977 
3.203071 -3.580250 -2.506771 
3.079562 -3.663755 -2.578867 
3.007453 -3.699696 -2.809574 
2.986482 -3.705610 -2.924437 
2.944129 -3.710389 3.138814 
2.891697 -3.703493 2.882188 
2.886108 -3.702010 2.881917 
2.864835 -3.696358 2.882198 
2.849301 -3.692236 2.882085 
2.831514 -3.687513 2.882345 
2.825127 -3.685819 2.881801 
2.812662 -3.682506 2.882126 
2.803800 -3.680154 2.881982 
2.792745 -3.677218 2.882424 
2.789020 -3.676230 2.882333 
2.783465 -3.674757 2.882475 
2.769764 -3.671125 2.882676 
2.759481 -3.668401 2.882921 
2.747316 -3.665182 2.883198 
2.734506 -3.661797 2.883348 
2.725416 -3.659396 2.883111 
2.715531 -3.656782 2.882913 
2.708092 -3.654813 2.883215 
2.698991 -3.652408 2.882949 
2.691023 -3.650300 2.882845 
2.688152 -3.649540 2.882774 
2.683539 -3.648319 2.882716 
2.679080 -3.647138 2.882668 
2.675497 -3.646189 2.882770 
2.668318 -3.644288 2.882297 
2.664744 -3.643532 2.976358 
2.676773 -3.646165 2.898425 
2.667621 -3.644411 2.999433 
2.639704 -3.641975 3.114073 
2.628871 -3.642269 -3.041606 
2.628969 -3.642254 -2.946489 
2.606041 -3.647995 -2.840945 
2.584056 -3.655896 -2.743680 
2.579466 -3.657539 -2.840728 
2.564464 -3.661365 -2.947110 
2.569644 -3.660071 -2.850864 
2.558858 -3.663874 -2.753565 
2.585573 -3.654351 -2.847772 
2.579997 -3.656358 -2.757400 
2.579832 -3.656435 -2.648962 
2.558179 -3.668492 -2.618216 
2.491419 -3.710205 -2.549844 
2.399598 -3.770243 -2.576492 
2.304056 -3.827941 -2.625694 
2.225358 -3.870573 -2.660289 
2.123267 -3.926142 -2.624944 
2.028158 -3.978700 -2.645099 
1.884896 -4.053149 -2.680502 
1.769420 -4.104805 -2.760624 
1.690368 -4.136909 -2.752427 
1.580855 -4.183453 -2.722071 
1.468273 -4.235098 -2.697342 
1.367137 -4.276645 -2.805789 
1.287622 -4.301485 -2.872370 
1.234105 -4.316222 -2.875268 
1.150420 -4.340204 -2.845608 
1.028698 -4.385085 -2.733246 
0.985945 -4.402230 -2.783349 
0.868296 -4.439888 -2.870916 
0.762535 -4.465613 -2.931834 
0.642751 -4.490721 -2.937294 
0.568655 -4.507887 -2.901605 
0.477389 -4.531649 -2.871081 
0.336151 -4.565563 -2.942088 
0.266959 -4.580321 -2.926370 
0.117095 -4.612718 -2.933100 
-0.015610 -4.642128 -2.919709 
-0.104204 -4.655867 -3.052696 
-0.217452 -4.661397 -3.126697 
-0.315583 -4.662598 -3.129607 
-0.459037 -4.668738 -3.067257 
-0.523006 -4.677974 -2.935284 
-0.626491 -4.698976 -2.946448 
-0.753595 -4.721782 -2.985974 
-0.854168 -4.738984 -2.962293 
-0.938822 -4.757369 -2.888816 
-1.053457 -4.783731 -2.930147 
-1.201475 -4.820492 -2.869282 
-1.287480 -4.840150 -2.971090 
-1.327226 -4.846606 -2.986908 
-1.425563 -4.859800 -3.041371 
-1.537095 -4.871081 -3.043401 
-1.656920 -4.882026 -3.054029 
-1.718266 -4.887412 -3.054214 
-1.763995 -4.892203 -3.019450 
-1.859328 -4.910431 -2.874557 
-1.977894 -4.941233 -2.899229 
-2.079459 -4.962498 -2.974882 
-2.099380 -4.965383 -3.027085 
-2.105064 -4.965936 -3.058265 
-2.106489 -4.966037 -3.084886 
-2.115754 -4.966461 -3.109914 
-2.129624 -4.966826 -3.121459 
-2.139080 -4.966990 -3.126000 
-2.147948 -4.967082 -3.138622 
-2.159434 -4.967093 3.141117 
-2.166448 -4.967043 3.128300 
-2.170785 -4.966985 3.128158 
-2.177540 -4.966944 3.141586 
-2.186099 -4.967021 -3.121581 
-2.194029 -4.967247 -3.104252 
-2.201807 -4.967603 -3.087042 
-2.207467 -4.968008 -3.052876 
-2.210129 -4.968266 -3.038955 
-2.227158 -4.970833 -2.924648 
-2.236768 -4.973094 -2.895131 
-2.252557 -4.977377 -2.858870 
-2.278390 -4.985584 -2.814682 
-2.308628 -4.996258 -2.788932 
-2.425353 -5.045295 -2.690631 
-2.504349 -5.084996 -2.659215 
-2.563823 -5.116515 -2.649143 
-2.606135 -5.138931 -2.661004 
-2.670862 -5.173551 -2.638594 
-2.750481 -5.218381 -2.616822 
-2.800815 -5.250805 -2.527062 
-2.861661 -5.293395 -2.537018 
-2.932086 -5.339633 -2.585055 
-2.981295 -5.370854 -2.567779 
-3.021867 -5.396197 -2.599846 
-3.090353 -5.434891 -2.655261 
-3.134990 -5.459335 -2.631329 
-3.167808 -5.478278 -2.603647 
-3.213567 -5.505769 -2.588962 
-3.240187 -5.523696 -2.513993 
-3.260191 -5.539865 -2.408805 
-3.300200 -5.576777 -2.380776 
-3.324853 -5.601661 -2.321308 
-3.348254 -5.627783 -2.278575 
-3.372005 -5.656477 -2.248889 
-3.384428 -5.671965 -2.244123 
-3.404997 -5.697991 -2.235664 
-3.412075 -5.705834 -2.362478 
-3.436381 -5.729836 -2.363473 
-3.453475 -5.744685 -2.471707 
-3.467557 -5.754248 -2.605741 
-3.489858 -5.767490 -2.605654 
-3.501912 -5.773706 -2.722158 
-3.513883 -5.778169 -2.836689 
-3.535726 -5.783112 -3.002498 
-3.564611 -5.787470 -2.982943 
-3.575619 -5.788257 3.108629 
-3.639317 -5.778299 2.829586 
-3.640449 -5.777682 2.478521 
-3.665463 -5.759502 2.535289 
-3.763794 -5.664426 2.154877 
-3.744751 -5.709429 1.787926 
-3.753677 -5.670275 1.803624 
-3.756193 -5.659713 1.806405 
-3.763065 -5.629016 1.772917 
-3.766913 -5.607707 1.730616 
-3.771997 -5.571521 1.689609 
-3.773868 -5.553151 1.656739 
-3.775144 -5.533842 1.619653 
-3.776062 -5.508697 1.586004 
-3.776167 -5.466111 1.553579 
-3.774803 -5.425702 1.518680 
-3.772639 -5.391850 1.497865 
-3.769314 -5.349773 1.487561 
-3.766403 -5.324562 1.427530 
-3.758217 -5.265215 1.442218 
-3.749780 -5.207659 1.399272 
-3.736850 -5.143752 1.337032 
-3.708059 -5.032773 1.293288 
-3.697588 -4.997550 1.268436 
-3.654465 -4.855844 1.297897 
-3.636767 -4.800476 1.224619 
-3.618273 -4.748748 1.223575 
-3.577435 -4.653351 1.111390 
-3.529257 -4.552224 1.140871 
-3.513153 -4.519618 1.085242 
-3.466577 -4.431048 1.089920 
-3.435325 -4.367472 1.139001 
-3.398312 -4.291511 1.097167 
-3.369970 -4.237416 1.076128 
-3.341014 -4.182877 1.086538 
-3.290352 -4.083271 1.107607 
-3.232494 -3.970050 1.093699 
-3.200698 -3.903554 1.156588 
-3.144472 -3.768447 1.198641 
-3.088530 -3.619130 1.232439 
-3.033093 -3.468653 1.209795 
-2.978398 -3.306666 1.282271 
-2.949774 -3.213854 1.259187 
-2.917180 -3.109683 1.277565 
-2.886396 -3.005109 1.292208 
-2.871012 -2.951252 1.293971 
-2.849976 -2.883149 1.248494 
-2.829092 -2.819989 1.253433 
-2.827523 -2.815006 1.273278 
-2.789695 -2.700999 1.225619 
-2.758032 -2.617634 1.191711 
-2.730742 -2.547425 1.214127 
-2.718216 -2.516651 1.158234 
-2.685513 -2.442912 1.150620 
-2.671403 -2.413286 1.106039 
-2.643138 -2.360483 1.051249 
-2.615590 -2.314096 1.020724 
-2.580548 -2.258553 0.999436 
-2.550002 -2.210275 1.012527 
-2.522030 -2.166013 1.001181 
-2.498624 -2.129240 1.008456 
-2.475425 -2.090072 1.063953 
-2.450022 -2.044728 1.056901 
-2.424033 -1.997461 1.077829 
-2.417786 -1.985652 1.089579 
-2.406828 -1.964101 1.112294 
-2.391445 -1.932878 1.113981 
-2.379786 -1.908731 1.128670 
-2.370498 -1.888924 1.137240 
-2.367053 -1.881158 1.170787 
-2.356814 -1.856147 1.196094 
-2.353267 -1.847031 1.205844 
-2.348147 -1.833395 1.218054 
-2.344036 -1.821930 1.233485 
-2.330202 -1.788770 1.120183 
-2.323945 -1.775257 1.153070 
-2.322169 -1.771733 1.069547 
-2.312806 -1.756541 0.971784 
-2.300309 -1.737309 1.021482 
-2.284079 -1.713292 0.926805 
-2.276132 -1.703744 0.832956 
-2.263098 -1.691012 0.705988 
-2.261567 -1.690011 0.484439 
-2.244715 -1.680648 0.536534 
-2.153548 -1.644325 0.283889 
-2.138558 -1.639665 0.321881 
-2.181128 -1.645289 -0.046349 
-2.148226 -1.646269 -0.015212 
-2.141566 -1.646425 -0.031066 
-2.113227 -1.647404 -0.038732 
-2.097385 -1.648365 -0.081755 
-2.074849 -1.650379 -0.095464 
-2.055770 -1.652420 -0.115765 
-2.032213 -1.655442 -0.140793 
-2.013355 -1.658284 -0.158730 
-1.991024 -1.662114 -0.179661 
-1.972017 -1.665887 -0.204687 
-1.955726 -1.669491 -0.231605 
-1.934904 -1.674982 -0.286038 
-1.906402 -1.683794 -0.321621 
-1.888078 -1.690265 -0.362840 
-1.867299 -1.698544 -0.402474 
-1.850090 -1.706369 -0.446633 
-1.828563 -1.717268 -0.491828 
-1.809776 -1.727593 -0.511834 
-1.763684 -1.754202 -0.535313 
-1.737180 -1.770502 -0.564476 
-1.694734 -1.798152 -0.585740 
-1.636287 -1.842429 -0.679991 
-1.582508 -1.897220 -0.877226 
-1.526444 -1.980692 -1.056649 
-1.512525 -2.013917 -1.281031 
-1.513702 -2.003613 -1.677533 
-1.514822 -2.009682 -1.828236 
-1.522895 -2.074540 -1.572490 
-1.523773 -2.066124 -1.375798 
-1.521421 -2.078033 -1.374500 
-1.518734 -2.093795 -1.428502 
-1.517218 -2.104379 -1.428769 
-1.514714 -2.121886 -1.428114 
-1.512583 -2.136719 -1.428369 
-1.511296 -2.145694 -1.427458 
-1.509981 -2.154806 -1.428027 
-1.508780 -2.163164 -1.427203 
-1.506610 -2.178173 -1.426933 
-1.505829 -2.183559 -1.427766 
-1.504125 -2.195391 -1.427243 
-1.502501 -2.206626 -1.427413 
-1.500697 -2.219125 -1.427540 
-1.499859 -2.224934 -1.426955 
-1.498685 -2.233037 -1.426511 
-1.497093 -2.243997 -1.426699 
-1.496023 -2.251371 -1.426940 
-1.495162 -2.257311 -1.426979 
-1.493859 -2.266310 -1.427161 
-1.492772 -2.273829 -1.427108 
-1.491692 -2.281291 -1.426915 
-1.490341 -2.290614 -1.426745 
-1.489802 -2.294331 -1.426698 
-1.489138 -2.298908 -1.426572 
-1.488157 -2.305665 -1.426528 
-1.488335 -2.303925 -1.515896 
-1.488806 -2.319372 -1.703413 
-1.503435 -2.378919 -1.924930 
-1.501815 -2.375350 -2.066185 
-1.502878 -2.377104 -2.161194 
-1.515677 -2.394228 -2.260380 
-1.584829 -2.475321 -2.275189 
-1.667905 -2.573092 -2.276562 
-1.740221 -2.654275 -2.327471 
-1.851237 -2.770141 -2.343106 
-1.904019 -2.823674 -2.346959 
-1.949785 -2.868659 -2.383546 
-2.012477 -2.927247 -2.398829 
-2.036179 -2.948845 -2.404027 
-2.070351 -2.979894 -2.401301 
-2.111663 -3.017533 -2.404535 
-2.135558 -3.039240 -2.402360 
-2.155682 -3.057890 -2.384653 
-2.190820 -3.091614 -2.365457 
-2.227840 -3.129995 -2.304900 
-2.261227 -3.169506 -2.239465 
-2.279389 -3.193120 -2.218038 
-2.315563 -3.242149 -2.191125 
-2.345479 -3.285016 -2.170090 
-2.380327 -3.335121 -2.186024 
-2.427919 -3.407931 -2.119086 
-2.446114 -3.439328 -2.076447 
-2.488543 -3.515395 -2.083706 
-2.560276 -3.654254 -2.012007 
-2.618797 -3.780124 -1.997860 
-2.649283 -3.852155 -1.946249 
-2.668460 -3.901888 -1.932732 
-2.687874 -3.951971 -1.947225 
-2.713983 -4.017800 -1.949010 
-2.753826 -4.109315 -2.012954 
-2.792705 -4.188682 -2.038844 
-2.811480 -4.223821 -2.084549 
-2.884215 -4.346393 -2.132654 
-2.931915 -4.416540 -2.204010 
-3.047324 -4.561976 -2.281038 
-3.118914 -4.644927 -2.280850 
-3.172545 -4.710048 -2.229089 
-3.253862 -4.812877 -2.255089 
-3.343575 -4.921685 -2.268905 
-3.395147 -4.981035 -2.304421 
-3.433498 -5.021374 -2.360539 
-3.498851 -5.081079 -2.444522 
-3.574298 -5.144001 -2.449411 
-3.619664 -5.183196 -2.411323 
-3.659186 -5.220379 -2.361255 
-3.704932 -5.266474 -2.343938 
-3.744574 -5.308978 -2.303251 
-3.766589 -5.333496 -2.300412 
-3.779079 -5.348099 -2.258372 
-3.809586 -5.384676 -2.274812 
-3.835213 -5.415018 -2.270965 
-3.853243 -5.437413 -2.222398 
-3.886039 -5.482854 -2.170230 
-3.912308 -5.521440 -2.163458 
-3.938902 -5.561001 -2.162376 
-3.959464 -5.592111 -2.144974 
-3.987323 -5.636948 -2.110495 
-3.995241 -5.650667 -2.075283 
-4.007969 -5.673707 -2.074840 
-4.022114 -5.699520 -2.072360 
-4.038290 -5.729417 -2.058940 
-4.053552 -5.757979 -2.065252 
-4.061688 -5.773359 -2.051104 
-4.062632 -5.774981 -2.146563 
-4.076540 -5.796566 -2.139022 
-4.086175 -5.812027 -2.116556 
-4.095518 -5.827802 -2.092520 
-4.099920 -5.835832 -2.051055 
-4.100918 -5.837814 -2.020379 
-4.106252 -5.849509 -1.985425 
-4.109212 -5.856860 -1.915406 
-4.116191 -5.878830 -1.831741 
-4.115352 -5.874713 -1.713018 
-4.116628 -5.894780 -1.585334 
-4.110767 -5.928879 -1.202381 
-4.112818 -5.925283 -0.940882 
-4.104130 -5.937157 -0.936632 
-4.092633 -5.952904 -0.944557 
-4.082023 -5.967157 -0.917898 
-4.068856 -5.984302 -0.917745 
-4.055171 -6.001703 -0.891497 
-4.048286 -6.009973 -0.861339 
-4.035693 -6.024377 -0.843188 
-4.021367 -6.040055 -0.814106 
-4.014106 -6.047591 -0.796531 
-3.998152 -6.063305 -0.756625 
-3.985525 -6.075023 -0.743101 
-3.975833 -6.083555 -0.698278 
-3.956782 -6.099075 -0.674085 
-3.925385 -6.123322 -0.638821 
-3.912360 -6.132685 -0.602913 
-3.899946 -6.140829 -0.556911 
-3.878959 -6.153080 -0.505763 
-3.827475 -6.180465 -0.471740 
-3.751032 -6.220322 -0.488751 
-3.683468 -6.252774 -0.396285 
-3.609084 -6.279320 -0.252706 
-3.466693 -6.301687 -0.062450 
-3.424742 -6.301251 0.095420 
-3.373694 -6.290967 0.324025 
-3.378863 -6.293622 0.671552 
-3.366715 -6.283966 0.672834 
-3.353416 -6.273369 0.672142 
-3.347065 -6.268315 0.671197 
-3.336261 -6.259734 0.671912 
-3.320757 -6.247403 0.671093 
-3.312590 -6.240918 0.671192 
-3.303345 -6.233575 0.671006 
-3.289842 -6.222856 0.671496 
-3.282370 -6.216918 0.671538 
-3.267621 -6.205196 0.671476 
-3.260336 -6.199407 0.671756 
-3.252297 -6.193015 0.671803 
-3.242812 -6.185472 0.671755 
-3.232293 -6.177109 0.671950 
-3.223169 -6.169851 0.671766 
-3.214129 -6.162663 0.671857 
-3.205451 -6.155761 0.671730 
-3.200288 -6.151657 0.671586 
-3.194463 -6.147027 0.671475 
-3.188227 -6.142071 0.671541 
-3.182824 -6.137777 0.671917 
-3.177489 -6.133534 0.671930 
-3.170118 -6.127671 0.672163 
-3.166830 -6.125055 0.672427 
-3.162138 -6.121319 0.672608 
-3.159516 -6.119230 0.672507 
-3.156642 -6.116941 0.672295 
-3.153012 -6.114052 0.672478 
-3.155704 -6.116424 0.778571 
-3.158889 -6.119910 0.876074 
-3.142500 -6.092511 1.201978 
-3.148298 -6.112206 1.357090 
-3.145979 -6.098092 1.454626 
-3.146010 -6.098616 1.572716 
-3.156467 -5.962646 1.725797 
-3.184723 -5.817750 1.818575 
-3.215669 -5.694913 1.825420 
-3.250932 -5.583972 1.925745 
-3.272525 -5.532696 2.006553 
-3.299537 -5.477715 2.053207 
-3.309727 -5.457490 2.022899 
-3.337283 -5.402934 2.057634 
-3.356577 -5.366392 2.057912 
-3.369377 -5.342140 2.055179 
-3.385268 -5.312589 2.072999 
-3.394051 -5.296554 2.074759 
-3.417136 -5.252526 2.031353 
-3.441820 -5.199158 1.972328 
-3.461205 -5.153013 1.962760 
-3.470580 -5.127755 1.890985 
-3.489853 -5.068828 1.889778 
-3.519084 -4.972315 1.844613 
-3.551760 -4.862160 1.875385 
-3.571853 -4.788533 1.796477 
-3.597245 -4.688448 1.841499 
-3.623935 -4.585388 1.815489 
-3.636246 -4.530355 1.764924 
-3.661867 -4.395185 1.755348 
-3.672623 -4.324798 1.691596 
-3.680604 -4.255566 1.684737 
-3.685166 -4.220847 1.715479 
-3.698305 -4.141556 1.754237 
-3.715733 -4.048327 1.754388 
-3.736240 -3.952506 1.804746 
-3.764395 -3.838504 1.824920 
-3.809105 -3.675509 1.854526 
-3.845307 -3.554247 1.868965 
-3.879683 -3.446138 1.887399 
-3.899123 -3.392345 1.950030 
-3.936119 -3.305043 1.991594 
-3.971213 -3.236265 2.094327 
-4.030673 -3.135057 2.111347 
-4.087517 -3.044661 2.153464 
-4.148295 -2.952324 2.154806 
-4.179416 -2.906722 2.184646 
-4.197052 -2.881720 2.185884 
-4.225436 -2.842714 2.213841 
-4.260087 -2.795800 2.200048 
-4.294099 -2.748415 2.182519 
-4.323050 -2.706443 2.168541 
-4.348493 -2.666743 2.111893 
-4.366516 -2.635623 2.076329 
-4.392514 -2.583443 1.987425 
-4.407425 -2.548200 1.951238 
-4.416304 -2.525700 1.942997 
-4.432182 -2.480245 1.870364 
-4.442997 -2.443758 1.845181 
-4.454997 -2.398890 1.814784 
-4.461993 -2.367712 1.768966 
-4.467046 -2.341481 1.756245 
-4.475213 -2.298695 1.764200 
-4.478237 -2.283692 1.775510 
-4.483727 -2.257782 1.783426 
-4.493836 -2.220571 1.910218 
-4.500089 -2.202598 1.899609 
-4.503144 -2.193108 1.866541 
-4.509960 -2.169319 1.837212 
-4.511127 -2.164802 1.811253 
-4.514049 -2.152270 1.782536 
-4.515883 -2.143502 1.767546 
-4.521297 -2.110526 1.700182 
-4.521512 -2.108152 1.606458 
-4.521581 -2.116902 1.520814 
-4.526691 -2.148865 1.321151 
-4.523105 -2.133580 1.362868 
-4.521926 -2.130586 1.024234 
-4.513853 -2.116945 1.048793 
-4.503805 -2.099234 1.060751 
-4.509967 -2.107148 0.743178 
-4.497950 -2.095944 0.758327 
-4.475630 -2.078064 0.604537 
-4.457497 -2.065204 0.627529 
-4.438264 -2.051112 0.637182 
-4.427264 -2.043200 0.608068 
-4.408364 -2.030325 0.587118 
-4.395198 -2.021818 0.563882 
-4.379612 -2.012260 0.537425 
-4.370685 -2.007154 0.495477 
-4.360412 -2.001905 0.450884 
-4.344309 -1.994498 0.411408 
-4.332766 -1.989714 0.376780 
-4.320435 -1.985086 0.343608 
-4.297502 -1.977562 0.291644 
-4.284679 -1.973957 0.250453 
-4.266880 -1.969882 0.201880 
-4.233566 -1.963729 0.171810 
-4.200333 -1.958794 0.118468 
-4.145508 -1.953927 0.062630 
-4.099909 -1.952726 0.000571 
-4.055201 -1.953127 -0.018684 
-4.005837 -1.957613 -0.182307 
-3.884005 -1.989482 -0.317661 
-3.894024 -1.984809 -0.552502 
-3.819544 -2.043177 -0.764091 
-3.831716 -2.026734 -1.137419 
-3.827458 -2.035937 -1.136772 
-3.822489 -2.046657 -1.136751 
-3.817872 -2.056617 -1.137978 
-3.812795 -2.067606 -1.137947 
-3.802272 -2.090379 -1.138699 
-3.794334 -2.107593 -1.138759 
-3.788061 -2.121197 -1.138733 
-3.781163 -2.136156 -1.138464 
-3.776653 -2.145929 -1.138990 
-3.770753 -2.158735 -1.139301 
-3.769237 -2.162026 -1.138670 
-3.765409 -2.170326 -1.138763 
-3.764295 -2.172743 -1.138458 
-3.760938 -2.180017 -1.138785 
-3.757457 -2.187567 -1.138547 
-3.754312 -2.194385 -1.139003 
-3.749039 -2.205827 -1.139028 
-3.746305 -2.211762 -1.139036 
-3.743065 -2.218795 -1.138879 
-3.740503 -2.224352 -1.138633 
-3.738407 -2.228896 -1.138468 
-3.736943 -2.232069 -1.138462 
-3.733814 -2.238849 -1.138267 
-3.732225 -2.242291 -1.138511 
-3.730391 -2.246265 -1.138612 
-3.731314 -2.244518 -1.012398 
-3.728196 -2.249102 -0.933402 
-3.725974 -2.252559 -1.086158 
-3.730679 -2.244660 -0.985442 
-3.727337 -2.249217 -0.892597 
-3.737463 -2.235012 -1.014250 
-3.747988 -2.216078 -1.102395 
-3.749017 -2.213715 -1.211938 
-3.760438 -2.188209 -1.097232 
-3.768149 -2.174743 -0.992169 
-3.778067 -2.160869 -0.922146 
-3.778177 -2.160737 -0.828520 
-3.780954 -2.158076 -0.691085 
-3.774401 -2.163298 -0.659515 
-3.770131 -2.166514 -0.632188 
-3.755330 -2.176899 -0.587901 
-3.742287 -2.185246 -0.550360 
-3.730805 -2.191953 -0.504385 
-3.699410 -2.208452 -0.468652 
-3.649435 -2.231563 -0.400145 
-3.570494 -2.263164 -0.366419 
-3.507072 -2.289504 -0.421759 
-3.387973 -2.342321 -0.410180 
-3.287810 -2.381945 -0.352365 
-3.221774 -2.408125 -0.396081 
-3.144433 -2.441835 -0.430671 
-3.081582 -2.474473 -0.531044 
-2.966206 -2.546966 -0.594941 
-2.920429 -2.577702 -0.588628 
-2.881263 -2.602169 -0.529489 
-2.757123 -2.672380 -0.496136 
-2.698640 -2.702113 -0.448843 
-2.632433 -2.734001 -0.450537 
-2.502169 -2.797011 -0.454558 
-2.469390 -2.815059 -0.531974 
-2.367683 -2.879653 -0.625683 
-2.337768 -2.904739 -0.777170 
-2.325955 -2.917889 -0.900829 
-2.328247 -2.914557 -1.018130 
-2.327383 -2.916325 -1.207304 
-2.316815 -2.951409 -1.359844 
-2.313491 -2.966932 -1.360039 
-2.309101 -2.987451 -1.359570 
-2.307476 -2.995030 -1.358599 
-2.304754 -3.007664 -1.359107 
-2.302188 -3.019605 -1.358873 
-2.299138 -3.033782 -1.359494 
-2.295180 -3.052235 -1.359655 
-2.293526 -3.059952 -1.359456 
-2.290381 -3.074610 -1.359612 
-2.288031 -3.085571 -1.359501 
-2.284926 -3.100049 -1.359553 
-2.283912 -3.104774 -1.359518 
-2.282394 -3.111856 -1.359546 
-2.281655 -3.115298 -1.359454 
-2.279916 -3.123405 -1.359227 
-2.278506 -3.129970 -1.359294 
-2.276997 -3.136996 -1.359384 
-2.276248 -3.140486 -1.359010 
-2.274257 -3.149748 -1.359175 
-2.271821 -3.161087 -1.358779 
-2.271028 -3.164771 -1.358496 
-2.269682 -3.171016 -1.358346 
-2.268816 -3.175032 -1.358464 
-2.267333 -3.181907 -1.358291 
-2.266459 -3.185961 -1.358217 
-2.269644 -3.174048 -1.262483 
-2.267433 -3.179933 -1.157078 
-2.268749 -3.177324 -1.066716 
-2.263461 -3.185812 -0.969681 
-2.254556 -3.200490 -1.076356 
-2.254051 -3.201315 -0.954588 
-2.251998 -3.203897 -0.851991 
-2.248128 -3.207938 -0.779380 
-2.225326 -3.228802 -0.692106 
-2.233616 -3.222527 -0.600388 
-2.240929 -3.218038 -0.506448 
-2.259671 -3.206385 -0.622048 
-2.267245 -3.200349 -0.729986 
-2.271707 -3.195948 -0.839112 
-2.274632 -3.193070 -0.709919 
-2.262890 -3.202310 -0.614631 
-2.241918 -3.215477 -0.500261 
-2.252685 -3.210368 -0.381776 
-2.249223 -3.211552 -0.281162 
-2.163602 -3.234175 -0.224185 
-2.086710 -3.249743 -0.173361 
-2.041580 -3.258209 -0.198922 
-1.994682 -3.268825 -0.247666 
-1.954274 -3.278801 -0.236449 
-1.931459 -3.284601 -0.261490 
-1.882061 -3.296761 -0.222455 
-1.849776 -3.302968 -0.154747 
-1.822164 -3.306812 -0.119432 
-1.786790 -3.310670 -0.095430 
-1.771999 -3.311912 -0.072120 
-1.761228 -3.313224 -0.153411 
-1.714525 -3.322565 -0.237180 
-1.685723 -3.330580 -0.316972 
-1.648945 -3.345307 -0.439392 
-1.582610 -3.381159 -0.554376 
-1.561081 -3.395960 -0.623561 
-1.459912 -3.478481 -0.743350 
-1.421676 -3.515721 -0.802737 
-1.372207 -3.569829 -0.856963 
-1.334066 -3.614344 -0.868391 
-1.305660 -3.646763 -0.836581 
-1.261628 -3.693103 -0.787297 
-1.239239 -3.714526 -0.737567 
-1.215058 -3.735774 -0.703482 
-1.150582 -3.785915 -0.624724 
-1.044543 -3.860645 -0.610351 
-0.989926 -3.897205 -0.573615 
-0.901404 -3.952023 -0.550034 
-0.838999 -3.991499 -0.582011 
-0.761199 -4.041611 -0.563199 
-0.666598 -4.100687 -0.557456 
-0.567165 -4.166463 -0.611230 
-0.492216 -4.213111 -0.500223 
-0.465555 -4.226911 -0.445751 
-0.411677 -4.251985 -0.422208 
-0.290585 -4.310231 -0.476222 
-0.261818 -4.323668 -0.399811 
-0.222235 -4.342124 -0.486708 
-0.167312 -4.372547 -0.511705 
-0.128813 -4.396059 -0.575309 
-0.045970 -4.447425 -0.532124 
0.025460 -4.488376 -0.506999 
0.096974 -4.526587 -0.474747 
0.142986 -4.550265 -0.472018 
0.196071 -4.576705 -0.451964 
0.234678 -4.594790 -0.426557 
0.308103 -4.629307 -0.449074 
0.347439 -4.648196 -0.445580 
0.415375 -4.679461 -0.418605 
0.448640 -4.694261 -0.417592 
0.485691 -4.710700 -0.417951 
0.521160 -4.726452 -0.418928 
0.550195 -4.739381 -0.417774 
0.590067 -4.757081 -0.417520 
0.599267 -4.761162 -0.417633 
0.624112 -4.773087 -0.476320 
0.667664 -4.795901 -0.489975 
0.711271 -4.818973 -0.482019 
0.736926 -4.832188 -0.469244 
0.773411 -4.850900 -0.481510 
0.788187 -4.858710 -0.488956 
0.832614 -4.882738 -0.501666 
0.856810 -4.895951 -0.496115 
0.882863 -4.910402 -0.516451 
0.905313 -4.923070 -0.511736 
0.925800 -4.934811 -0.530692 
0.945031 -4.946154 -0.534898 
0.971143 -4.961504 -0.529222 
0.988782 -4.971989 -0.542214 
1.005773 -4.982289 -0.547394 
1.018953 -4.990517 -0.567720 
1.031302 -4.998393 -0.567680 
1.048469 -5.009291 -0.563178 
1.065015 -5.019738 -0.563024 
1.077846 -5.027836 -0.561739 
1.091660 -5.036530 -0.561647 
1.106732 -5.046014 -0.562399 
1.126717 -5.058611 -0.562017 
1.139640 -5.066749 -0.561236 
1.144261 -5.069654 -0.561132 
1.149852 -5.073168 -0.561344 
1.162173 -5.080916 -0.561560 
1.169563 -5.085566 -0.561254 
1.176399 -5.089863 -0.561507 
1.184083 -5.094697 -0.560999 
1.188210 -5.097290 -0.560639 
1.195913 -5.102126 -0.560743 
1.206323 -5.108614 -0.555339 
1.211202 -5.111595 -0.542230 
1.214322 -5.113445 -0.529976 
1.216802 -5.114872 -0.514807 
1.224066 -5.118933 -0.504152 
1.229732 -5.122023 -0.495032 
1.237282 -5.126031 -0.479641 
1.242666 -5.128785 -0.464175 
1.246853 -5.130856 -0.454376 
1.254214 -5.134049 -0.364095 
1.256569 -5.134932 -0.352117 
1.250957 -5.133194 -0.256864 
1.237571 -5.128919 -0.361146 
1.251286 -5.134851 -0.462613 
1.259873 -5.139638 -0.572902 
1.240126 -5.128159 -0.466135 
1.247035 -5.131153 -0.349034 
1.245762 -5.130766 -0.246021 
1.235073 -5.127394 -0.370834 
1.261749 -5.136350 -0.274020 
1.233826 -5.127062 -0.375272 
1.244479 -5.130548 -0.247903 
1.258891 -5.133318 -0.132885 
1.239714 -5.130113 -0.195074 
1.230483 -5.127790 -0.298541 
1.230475 -5.127788 -0.191538 
1.246365 -5.130040 -0.102404 
1.254223 -5.130432 -0.013870 
1.260558 -5.130536 -0.019260 
1.289971 -5.129600 0.087913 
1.293488 -5.129305 0.078560 
1.281724 -5.130881 0.179022 
1.289443 -5.129484 0.178976 
1.280031 -5.131713 0.294698 
1.288945 -5.128997 0.296845 
1.294294 -5.127359 0.297017 
1.295881 -5.126871 0.299329 
1.300502 -5.125438 0.303227 
1.309371 -5.122615 0.312214 
1.314506 -5.120941 0.317911 
1.322492 -5.118292 0.322066 
1.327085 -5.116488 0.419741 
1.333045 -5.113793 0.430248 
1.336076 -5.112384 0.440418 
1.320990 -5.118601 0.326764 
1.315480 -5.120728 0.397750 
1.317547 -5.119974 0.305639 
1.323822 -5.117519 0.436751 
1.334879 -5.111645 0.548487 
1.323177 -5.117932 0.424867 
1.317198 -5.121038 0.540167 
1.310380 -5.125576 0.641573 
1.306078 -5.129043 0.734533 
1.309244 -5.125882 0.838871 
1.325948 -5.105603 0.932560 
1.330670 -5.099776 0.852469 
1.347843 -5.082032 0.753628 
1.347437 -5.082382 0.671909 
1.349434 -5.080968 0.554500 
1.343687 -5.084936 0.643555 
1.341467 -5.086805 0.767652 
1.350433 -5.077131 0.879245 
1.353982 -5.072393 0.961656 
1.350967 -5.076213 0.854183 
1.354543 -5.071708 0.946205 
1.359881 -5.063546 1.032330 
1.366034 -5.051969 1.137618 
1.361438 -5.063408 1.241672 
1.359323 -5.070556 1.327086 
1.363518 -5.056468 1.239167 
1.360952 -5.065323 1.332739 
1.363868 -5.049427 1.438087 
1.362984 -5.059671 1.540746 
1.362357 -5.030709 1.631322 
1.362814 -5.065598 1.542304 
1.362944 -5.072012 1.635969 
1.360699 -5.051457 1.726989 
1.373969 -5.091515 2.073060 
1.341344 -5.050223 2.467575 
1.340232 -5.049442 2.591134 
1.331743 -5.044784 2.687777 
1.307408 -5.033811 2.756318 
1.292266 -5.028049 2.804242 
1.246308 -5.013411 2.861315 
1.218957 -5.006800 2.940038 
1.222027 -5.007369 2.973598 
1.148429 -4.998219 3.067496 
1.025292 -4.993235 3.132834 
0.953862 -4.994511 -3.096851 
0.848450 -5.002323 -3.047055 
0.708453 -5.020766 -2.976453 
0.635592 -5.033966 -2.953453 
0.556604 -5.052695 -2.862633 
0.450443 -5.085997 -2.812903 
0.421962 -5.095848 -2.806392 
0.374991 -5.111051 -2.852714 
0.315026 -5.128872 -2.853202 
0.262684 -5.143762 -2.877442 
0.219608 -5.154735 -2.906415 
0.195105 -5.160798 -2.892745 
0.142354 -5.174656 -2.879119 
0.124204 -5.179221 -2.911161 
0.046141 -5.195018 -2.977281 
-0.052827 -5.209528 -3.014721 
-0.146575 -5.217148 -3.107209 
-0.297330 -5.217117 3.109727 
-0.416627 -5.217390 -3.110659 
-0.496392 -5.222404 -3.044398 
-0.535269 -5.227122 -2.997727 
-0.549456 -5.229365 -2.970661 
-0.572733 -5.233345 -2.974056 
-0.584805 -5.235387 -2.974369 
-0.603685 -5.238475 -2.982840 
-0.611951 -5.239731 -2.996515 
-0.627696 -5.241764 -3.031606 
-0.652073 -5.244221 -3.047963 
-0.700209 -5.248176 -3.073534 
-0.762872 -5.251367 -3.124449 
-0.798044 -5.249849 3.042660 
-0.900543 -5.240293 3.053029 
-1.021381 -5.228242 3.033305 
-1.108469 -5.214628 2.942754 
-1.178800 -5.202655 3.003033 
-1.260847 -5.190773 2.985160 
-1.379731 -5.170962 2.966431 
-1.417225 -5.164327 2.970216 
-1.466785 -5.155585 2.964742 
-1.526309 -5.142011 2.876551 
-1.634041 -5.109693 2.819307 
-1.681479 -5.092331 2.759898 
-1.758627 -5.060533 2.738869 
-1.836694 -5.030970 2.824651 
-1.952561 -5.000767 2.958725 
-2.081876 -4.988554 -3.127189 
-2.220262 -4.993157 -3.095824 
-2.246847 -4.995135 -3.041587 
-2.289715 -4.999523 -3.037496 
-2.328348 -5.003069 -3.063876 
-2.404082 -5.007269 -3.108054 
-2.424372 -5.007643 3.140881 
-2.559809 -5.000462 3.032580 
-2.684693 -4.982465 2.970381 
-2.774634 -4.962670 2.880492 
-2.919149 -4.917407 2.793403 
-3.014567 -4.888183 2.900290 
-3.101716 -4.867743 2.917313 
-3.200215 -4.848912 2.980496 
-3.341931 -4.830152 3.037634 
-3.436106 -4.817989 2.985060 
-3.544965 -4.797282 2.928247 
-3.666072 -4.772238 2.937875 
-3.804917 -4.733530 2.806024 
-3.925092 -4.688464 2.762917 
-3.989892 -4.662005 2.749386 
-4.048349 -4.640192 2.826869 
-4.121633 -4.618630 2.891140 
-4.184793 -4.604747 2.971278 
-4.235045 -4.596245 2.981118 
-4.294758 -4.586580 2.982499 
-4.329693 -4.580613 2.959964 
-4.375319 -4.571125 2.904114 
-4.414137 -4.560547 2.850932 
-4.487172 -4.538026 2.842628 
-4.562652 -4.508356 2.698582 
-4.635695 -4.469712 2.611301 
-4.743887 -4.400824 2.542916 
-4.864075 -4.319332 2.550941 
-4.934136 -4.274673 2.598433 
-5.037289 -4.216251 2.657398 
-5.142840 -4.163348 2.700514 
-5.173123 -4.148172 2.653759 
-5.313888 -4.071832 2.641391 
-5.375261 -4.035606 2.577600 
-5.434587 -4.000538 2.632688 
-5.508164 -3.957322 2.587401 
-5.606495 -3.902041 2.646606 
-5.684031 -3.866860 2.800521 
-5.759375 -3.842139 2.845512 
-5.789490 -3.833622 2.897575 
-5.832258 -3.824063 2.945993 
-5.858986 -3.819252 2.983957 
-5.873657 -3.817133 3.008230 
-5.890262 -3.815053 3.028304 
-5.908072 -3.813235 3.052937 
-5.920442 -3.812224 3.067541 
-5.932778 -3.811390 3.079995 
-5.950470 -3.810211 3.071619 
-5.957189 -3.809670 3.049837 
-5.961303 -3.809249 3.028755 
-5.961591 -3.809214 3.005943 
-5.970466 -3.807916 2.984288 
-5.974006 -3.807279 2.946546 
-5.987986 -3.804198 2.905520 
-6.001546 -3.800649 2.867328 
-6.014864 -3.796648 2.838005 
-6.050240 -3.784392 2.778964 
-6.085392 -3.770020 2.724467 
-6.110051 -3.758059 2.655334 
-6.180148 -3.726183 2.773332 
-6.221343 -3.710644 2.787748 
-6.270614 -3.693353 2.820211 
-6.290891 -3.686633 2.822322 
-6.323403 -3.675885 2.820867 
-6.354566 -3.664951 2.788988 
-6.375306 -3.656999 2.764767 
-6.395480 -3.648728 2.739234 
-6.418523 -3.638544 2.705407 
-6.475885 -3.609776 2.646725 
-6.565608 -3.565474 2.718247 
-6.582876 -3.558214 2.771608 
-6.591370 -3.555155 2.812514 
-6.606962 -3.550107 2.844963 
-6.618835 -3.546699 2.879767 
-6.620596 -3.546281 2.937595 
-6.645384 -3.541642 2.986501 
-6.669652 -3.538360 3.026728 
-6.683075 -3.537009 3.057868 
-6.689210 -3.536587 3.087337 
-6.698867 -3.536162 3.107924 
-6.702244 -3.536082 3.127212 
-6.716741 -3.535893 3.127913 
-6.724002 -3.535810 3.131889 
-6.726089 -3.535774 3.116985 
-6.732142 -3.535529 3.082213 
-6.733227 -3.535449 3.049830 
-6.736281 -3.535097 3.004212 
-6.736283 -3.535097 2.970304 
-6.745753 -3.533286 2.938316 
-6.751611 -3.531950 2.896364 
-6.764577 -3.528380 2.842759 
-6.776913 -3.524343 2.804728 
-6.791503 -3.518335 2.678748 
-6.779843 -3.523400 2.792839 
-6.778875 -3.523695 2.896182 
-6.787423 -3.521362 2.854394 
-6.778226 -3.524577 2.754931 
-6.788938 -3.519469 2.640799 
-6.794584 -3.516667 2.725377 
-6.793124 -3.517238 2.798530 
-6.803238 -3.513030 2.703798 
-6.799561 -3.514483 2.831737 
-6.800327 -3.514284 2.953338 
-6.800395 -3.514274 3.059291 
-6.814583 -3.512457 2.972350 
-6.792831 -3.514987 3.062179 
-6.800289 -3.514779 -3.126676 
-6.804623 -3.514861 -3.118064 
-6.790089 -3.513778 -3.005524 
-6.782890 -3.512124 -2.810618 
-6.786421 -3.514031 -2.464919 
-6.807538 -3.535840 -2.230860 
-6.796332 -3.519644 -2.100665 
-6.796715 -3.520376 -2.004570 
-6.799157 -3.526332 -1.906715 
-6.821547 -3.596256 -1.853267 
-6.861146 -3.755344 -1.779075 
-6.873239 -3.819960 -1.733469 
-6.882512 -3.906118 -1.633036 
-6.888471 -3.996067 -1.639174 
-6.891461 -4.074799 -1.577186 
-6.890176 -4.148938 -1.531826 
-6.886399 -4.218479 -1.503324 
-6.880761 -4.293924 -1.486239 
-6.877402 -4.333551 -1.487076 
-6.873733 -4.382571 -1.502255 
-6.870402 -4.435065 -1.512835 
-6.868828 -4.477933 -1.560900 
-6.868927 -4.533046 -1.587738 
-6.869686 -4.595387 -1.577600 
-6.870263 -4.645365 -1.593041 
-6.873734 -4.745075 -1.617281 
-6.880748 -4.836151 -1.675973 
-6.888455 -4.903380 -1.693531 
-6.901969 -5.010793 -1.694603 
-6.916346 -5.105731 -1.745291 
-6.935925 -5.223313 -1.727306 
-6.950200 -5.291295 -1.832384 
-6.982805 -5.396110 -1.911669 
-7.000950 -5.445614 -1.931198 
-7.016964 -5.490771 -1.892955 
-7.031332 -5.536974 -1.855369 
-7.057011 -5.619188 -1.888385 
-7.073141 -5.667808 -1.895824 
-7.088120 -5.709805 -1.929173 
-7.135464 -5.856963 -1.829585 
-7.158814 -5.942833 -1.836989 
-7.192547 -6.067761 -1.833332 
-7.223486 -6.184452 -1.827121 
-7.253020 -6.303487 -1.802939 
-7.264392 -6.356302 -1.762644 
-7.278528 -6.431680 -1.749609 
-7.290285 -6.514167 -1.676000 
-7.294858 -6.584247 -1.592797 
-7.294475 -6.685460 -1.541397 
-7.292347 -6.755600 -1.535361 
-7.290522 -6.815087 -1.543287 
-7.289482 -6.875367 -1.562166 
-7.288776 -6.933031 -1.555050 
-7.288578 -6.965326 -1.570451 
-7.287859 -7.012492 -1.540660 
-7.287087 -7.049646 -1.563853 
-7.287734 -7.103220 -1.597546 
-7.288903 -7.150279 -1.597595 
-7.289627 -7.193003 -1.578438 
-7.289956 -7.213767 -1.597290 
-7.290987 -7.247119 -1.606484 
-7.292540 -7.284272 -1.619345 
-7.294056 -7.310405 -1.635280 
-7.296149 -7.341422 -1.642370 
-7.298273 -7.370059 -1.647005 
-7.300169 -7.391514 -1.672572 
-7.301139 -7.400438 -1.684539 
-7.301645 -7.404536 -1.702399 
-7.303279 -7.423873 -1.591649 
-7.303820 -7.451097 -1.589636 
-7.304249 -7.472559 -1.591810 
-7.304625 -7.490804 -1.591305 
-7.304822 -7.500068 -1.593065 
-7.305380 -7.525081 -1.593162 
-7.305544 -7.533058 -1.589176 
-7.305663 -7.539544 -1.589857 
-7.305814 -7.547453 -1.589240 
-7.306106 -7.563306 -1.588942 
-7.306290 -7.571689 -1.596538 
-7.306660 -7.586072 -1.595739 
-7.306812 -7.591534 -1.601320 
-7.307092 -7.600578 -1.602015 
-7.307406 -7.611522 -1.596719 
-7.307645 -7.620758 -1.596522 
-7.307969 -7.632113 -1.601961 
-7.308271 -7.641697 -1.602188 
-7.308355 -7.644451 -1.600252 
-7.308537 -7.650856 -1.598335 
-7.308608 -7.652883 -1.612484 
-7.308905 -7.659816 -1.614670 
-7.309073 -7.663968 -1.607589 
-7.309264 -7.668618 -1.616660 
-7.309631 -7.676603 -1.616889 
-7.309909 -7.682622 -1.616538 
-7.310189 -7.688454 -1.621933 
-7.310438 -7.693317 -1.622041 
-7.310492 -7.694360 -1.622022 
-7.310723 -7.698871 -1.622216 
-7.310949 -7.703016 -1.629081 
-7.310600 -7.699722 -1.711309 
-7.313090 -7.712437 -1.826352 
-7.315907 -7.726257 -1.708870 
-7.313531 -7.699120 -1.596312 
-7.313700 -7.690674 -1.517140 
-7.315189 -7.677063 -1.416241 
-7.315874 -7.673762 -1.328134 
-7.315605 -7.675141 -1.434829 
-7.315000 -7.678480 -1.351658 
-7.313359 -7.688028 -1.445027 
-7.308563 -7.715438 -1.353778 
-7.306139 -7.724320 -1.262969 
-7.306541 -7.723194 -1.206783 
-7.307811 -7.720304 -1.118244 
-7.300526 -7.733147 -0.990292 
-7.237894 -7.796770 -0.570158 
-7.325835 -7.761064 -0.243128 
-7.326134 -7.761024 -0.005882 
-7.312239 -7.760565 0.075095 
-7.302646 -7.759494 0.153003 
-7.296147 -7.758240 0.237566 
-7.274160 -7.752227 0.293309 
-7.222985 -7.735668 0.334082 
-7.178214 -7.718299 0.410474 
-7.123214 -7.694329 0.414521 
-7.054923 -7.661928 0.468964 
-6.944798 -7.602039 0.526087 
-6.821910 -7.523993 0.618586 
-6.711943 -7.437781 0.710131 
-6.679580 -7.402235 0.963939 
-6.686969 -7.415482 1.155914 
-6.697833 -7.453679 1.442283 
-6.694774 -7.430005 1.443123 
-6.691156 -7.401819 1.441620 
-6.687199 -7.371357 1.439584 
-6.683728 -7.345056 1.438641 
-6.681321 -7.326948 1.438522 
-6.679041 -7.309816 1.438699 
-6.676423 -7.290112 1.439713 
-6.673195 -7.265629 1.439634 
-6.670509 -7.245268 1.438791 
-6.668594 -7.230840 1.438711 
-6.666090 -7.211993 1.438227 
-6.665316 -7.206195 1.438460 
-6.663546 -7.192893 1.438530 
-6.662197 -7.182753 1.438669 
-6.660253 -7.168127 1.439073 
-6.659499 -7.162435 1.438755 
-6.658911 -7.158008 1.438518 
-6.657502 -7.147420 1.438692 
-6.656216 -7.137739 1.438416 
-6.654532 -7.125093 1.438336 
-6.653563 -7.117824 1.438791 
-6.652229 -7.107777 1.439198 
-6.651506 -7.102312 1.439214 
-6.650345 -7.093538 1.439026 
-6.649265 -7.085391 1.439326 
-6.648383 -7.078722 1.439547 
-6.647499 -7.072029 1.439759 
-6.647048 -7.068608 1.439493 
-6.646429 -7.063919 1.439704 
-6.645745 -7.058730 1.439636 
-6.647425 -7.067592 1.323891 
-6.649836 -7.080019 1.453577 
-6.651437 -7.106922 1.567947 
-6.643353 -7.147218 1.987368 
-6.650740 -7.133985 2.228118 
-6.674863 -7.106744 2.393665 
-6.673874 -7.107561 2.508719 
-6.732558 -7.069527 2.636913 
-6.822237 -7.017101 2.597791 
-6.939019 -6.942833 2.545541 
-7.026979 -6.886887 2.624970 
-7.147215 -6.822973 2.694298 
-7.196768 -6.801890 2.780083 
-7.227413 -6.791253 2.831191 
-7.271651 -6.776900 2.825365 
-7.305334 -6.766257 2.845517 
-7.344424 -6.753636 2.813091 
-7.377849 -6.741912 2.794681 
-7.408286 -6.730833 2.791311 
-7.431950 -6.721812 2.760891 
-7.464094 -6.708402 2.730817 
-7.514748 -6.685593 2.701837 
-7.541588 -6.672081 2.644282 
-7.586718 -6.646804 2.623182 
-7.635749 -6.617424 2.586446 
-7.708558 -6.569379 2.533033 
-7.799088 -6.503362 2.495472 
-7.873652 -6.447958 2.507919 
-7.935902 -6.398858 2.429180 
-8.045011 -6.305683 2.434991 
-8.093669 -6.261723 2.371070 
-8.180435 -6.177697 2.378370 
-8.279870 -6.081363 2.368703 
-8.341577 -6.023119 2.401765 
-8.388113 -5.981834 2.426795 
-8.438304 -5.939249 2.444290 
-8.505876 -5.884842 2.485822 
-8.567207 -5.839537 2.528005 
-8.632993 -5.796086 2.582093 
-8.734015 -5.734348 2.598267 
-8.846535 -5.665567 2.592656 
-8.935116 -5.613019 2.616225 
-8.960217 -5.598084 2.589597 
-9.000400 -5.574718 2.636871 
-9.077880 -5.532287 2.643848 
-9.162929 -5.487276 2.668367 
-9.213655 -5.461183 2.669106 
-9.249602 -5.442432 2.649104 
-9.318913 -5.406364 2.673799 
-9.384983 -5.372986 2.671533 
-9.434420 -5.347333 2.652258 
-9.500500 -5.311952 2.648911 
-9.527845 -5.297682 2.671258 
-9.601898 -5.259413 2.659491 
-9.636915 -5.240792 2.649305 
-9.668251 -5.223932 2.648638 
-9.700183 -5.205897 2.606933 
-9.756554 -5.172333 2.600669 
-9.786918 -5.153635 2.577778 
-9.824285 -5.129332 2.547889 
-9.861375 -5.103575 2.520436 
-9.890746 -5.081958 2.494640 
-9.903419 -5.072074 2.467252 
-9.921442 -5.057256 2.440909 
-9.952493 -5.030885 2.435062 
-9.969801 -5.015731 2.407872 
-9.996523 -4.991999 2.422861 
-9.996130 -4.992312 2.524447 
-10.002287 -4.987419 2.410420 
-10.016494 -4.975459 2.468281 
-10.030931 -4.963758 2.455016 
-10.046000 -4.951009 2.420560 
-10.060978 -4.937281 2.378774 
-10.073898 -4.924257 2.327900 
-10.093636 -4.902652 2.288967 
-10.090390 -4.906745 2.197270 
-10.103922 -4.885406 2.064945 
-10.101262 -4.891562 1.926343 
-10.106882 -4.876818 1.943740 
-10.104698 -4.888140 1.573942 
-10.105019 -4.865837 1.595025 
-10.105678 -4.844115 1.608822 
-10.106521 -4.825931 1.625600 
-10.104680 -4.782067 1.438151 
-10.101894 -4.759783 1.455413 
-10.100039 -4.743938 1.453147 
-10.098245 -4.730231 1.430209 
-10.096628 -4.719319 1.418719 
-10.096563 -4.718934 1.389749 
-10.094092 -4.706036 1.373627 
-10.090046 -4.687311 1.342290 
-10.086707 -4.673916 1.310437 
-10.080996 -4.653303 1.294237 
-10.076380 -4.637655 1.272114 
-10.069510 -4.615942 1.265127 
-10.066307 -4.606212 1.239572 
-10.061528 -4.592886 1.210070 
-10.051569 -4.567874 1.170336 
-10.040849 -4.543335 1.139131 
-10.022638 -4.505274 1.113344 
-9.995035 -4.452637 1.057850 
-9.968523 -4.406588 1.039020 
-9.942501 -4.365139 0.981150 
-9.890648 -4.301221 0.786263 
-9.853596 -4.272349 0.515074 
-9.834356 -4.264138 0.266025 
-9.798799 -4.258342 0.058584 
-9.723808 -4.265370 -0.342362 
-9.691190 -4.278950 -0.453067 
-9.684296 -4.281992 -0.376625 
-9.668503 -4.288239 -0.376532 
-9.652909 -4.294404 -0.375841 
-9.632479 -4.302466 -0.375841 
-9.611638 -4.310690 -0.375852 
-9.598053 -4.316051 -0.376399 
-9.581396 -4.322634 -0.376948 
-9.570280 -4.327035 -0.377373 
-9.564901 -4.329167 -0.377213 
-9.557803 -4.331979 -0.378061 
-9.540155 -4.338988 -0.377931 
-9.532985 -4.341835 -0.377929 
-9.518823 -4.347457 -0.378095 
-9.506170 -4.352483 -0.377952 
-9.500668 -4.354668 -0.378022 
-9.491580 -4.358277 -0.377701 
-9.478860 -4.363323 -0.378174 
-9.471165 -4.366380 -0.377933 
-9.463326 -4.369493 -0.378015 
-9.456003 -4.372401 -0.378126 
-9.445413 -4.376607 -0.378281 
-9.436497 -4.380151 -0.378340 
-9.429327 -4.383001 -0.378267 
-9.425481 -4.384529 -0.378156 
-9.418191 -4.387426 -0.377798 
-9.410389 -4.390522 -0.377443 
-9.404151 -4.392995 -0.377541 
-9.397500 -4.395633 -0.377393 
-9.392324 -4.397684 -0.377213 
-9.387579 -4.399564 -0.377073 
-9.407444 -4.390601 -0.483598 
-9.399621 -4.395256 -0.587906 
-9.358510 -4.431815 -0.828931 
-9.372192 -4.413706 -1.026291 
-9.372743 -4.412659 -1.144783 
-9.366887 -4.427708 -1.249778 
-9.346029 -4.498900 -1.319851 
-9.312793 -4.623301 -1.286589 
-9.276596 -4.767788 -1.349524 
-9.259286 -4.855794 -1.397539 
-9.251466 -4.910305 -1.462510 
-9.241150 -5.013910 -1.487288 
-9.237351 -5.056792 -1.476068 
-9.231569 -5.121017 -1.486208 
-9.229779 -5.148523 -1.524492 
-9.227855 -5.190570 -1.526759 
-9.226748 -5.212816 -1.515018 
-9.225380 -5.236709 -1.513729 
-9.222689 -5.274321 -1.486796 
-9.220285 -5.297267 -1.448842 
-9.215155 -5.332712 -1.405027 
-9.206059 -5.388728 -1.419452 
-9.197641 -5.441437 -1.404255 
-9.183055 -5.521692 -1.377250 
-9.165817 -5.599837 -1.335317 
-9.133337 -5.726348 -1.301370 
-9.108432 -5.805177 -1.232198 
-9.069755 -5.902678 -1.167467 
-9.020260 -6.014832 -1.143694 
-8.986872 -6.078086 -1.022309 
-8.927023 -6.170884 -0.980095 
-8.858980 -6.267947 -0.941598 
-8.803888 -6.344208 -0.950189 
-8.766537 -6.393275 -0.892087 
-8.719797 -6.449695 -0.865727 
-8.676159 -6.501796 -0.882866 
-8.663239 -6.517282 -0.865564 
-8.584021 -6.614046 -0.903573 
-8.523706 -6.690698 -0.898748 
-8.505408 -6.714407 -0.921986 
-8.457131 -6.771399 -0.814203 
-8.388523 -6.847781 -0.861438 
-8.310702 -6.940809 -0.887530 
-8.242369 -7.024102 -0.871769 
-8.204925 -7.068711 -0.870456 
-8.150775 -7.135529 -0.907073 
-8.104803 -7.198241 -0.967679 
-8.070163 -7.248379 -0.965842 
-8.044426 -7.285703 -0.971285 
-8.007023 -7.340319 -0.971775 
-7.976976 -7.382897 -0.936444 
-7.957378 -7.409046 -0.917048 
-7.926053 -7.450586 -0.928162 
-7.906437 -7.475764 -0.883710 
-7.869145 -7.520784 -0.880200 
-7.851058 -7.542194 -0.860771 
-7.835797 -7.559700 -0.852061 
-7.809550 -7.588584 -0.813732 
-7.790576 -7.608865 -0.818476 
-7.778028 -7.622051 -0.799793 
-7.761225 -7.639156 -0.787612 
-7.752329 -7.647984 -0.776423 
-7.729761 -7.669964 -0.767859 
-7.706990 -7.691641 -0.756118 
-7.679393 -7.717753 -0.759395 
-7.669546 -7.727979 -0.846042 
-7.647460 -7.752559 -0.830909 
-7.642616 -7.757349 -0.728938 
-7.622687 -7.776821 -0.819720 
-7.610168 -7.789746 -0.778915 
-7.604063 -7.795583 -0.750773 
-7.589240 -7.808775 -0.703601 
-7.573889 -7.821080 -0.652440 
-7.567991 -7.825156 -0.576387 
-7.564794 -7.826985 -0.451297 
-7.575690 -7.822877 -0.259424 
-7.561846 -7.826824 -0.303291 
-7.501731 -7.832251 0.161783 
-7.488922 -7.830344 0.133077 
-7.469527 -7.828013 0.107807 
-7.395187 -7.806693 0.495206 
-7.377150 -7.797048 0.486682 
-7.356588 -7.784090 0.644813 
-7.344557 -7.775060 0.641892 
-7.322795 -7.758825 0.638839 
-7.313590 -7.751821 0.660616 
-7.300341 -7.741415 0.668953 
-7.289923 -7.733001 0.685950 
-7.279907 -7.724542 0.721336 
-7.269012 -7.714761 0.739146 
-7.253078 -7.699770 0.769966 
-7.240489 -7.687149 0.803278 
-7.229887 -7.675911 0.823171 
-7.222274 -7.667309 0.867371 
-7.202898 -7.643655 0.904100 
-7.194484 -7.632550 0.938526 
-7.176215 -7.606836 0.966525 
-7.153585 -7.571934 1.029396 
-7.142840 -7.553701 1.046309 
-7.122560 -7.516877 1.094259 
-7.103455 -7.477486 1.146648 
-7.080143 -7.422459 1.191290 
-7.041316 -7.317914 1.235153 
-7.017790 -7.241021 1.313270 
-7.012624 -7.207844 1.504489 
-7.013251 -7.161168 1.641522 
-7.028013 -7.086737 1.891255 
-7.015209 -7.113212 2.088557 
-7.024358 -7.097150 2.088151 
-7.024184 -7.097516 1.917756 
-7.029458 -7.082929 1.917760 
-7.031839 -7.076344 1.917678 
-7.036180 -7.064336 1.917137 
-7.038971 -7.056601 1.917449 
-7.040757 -7.051657 1.916967 
-7.045984 -7.037167 1.917061 
-7.049232 -7.028165 1.917062 
-7.052366 -7.019479 1.916753 
-7.053862 -7.015329 1.916981 
-7.055472 -7.010865 1.916991 
-7.057956 -7.003979 1.916604 
-7.060119 -6.997975 1.916580 
-7.063002 -6.989974 1.916708 
-7.065961 -6.981761 1.916851 
-7.067887 -6.976420 1.916890 
-7.068834 -6.973793 1.916861 
-7.071636 -6.966024 1.916922 
-7.073424 -6.961065 1.916849 
-7.074844 -6.957128 1.916776 
-7.079701 -6.945368 2.010814 
-7.080567 -6.943822 2.133931 
-7.096078 -6.923489 2.324302 
-7.097229 -6.922422 2.470668 
-7.114968 -6.909604 2.563752 
-7.168283 -6.877706 2.647442 
-7.280760 -6.824888 2.761375 
-7.395202 -6.787137 2.876747 
-7.489174 -6.763119 2.905279 
-7.560776 -6.744981 2.888072 
-7.601672 -6.735243 2.936593 
-7.666172 -6.722504 2.956400 
-7.733474 -6.711586 3.002418 
-7.773316 -6.705772 2.989159 
-7.816353 -6.699480 3.002591 
-7.834069 -6.696951 2.995568 
-7.866021 -6.692084 2.983062 
-7.913598 -6.683371 2.935149 
-7.948681 -6.675160 2.889129 
-8.005486 -6.659842 2.867943 
-8.047308 -6.647710 2.847999 
-8.095087 -6.632926 2.831106 
-8.150565 -6.612865 2.761674 
-8.198639 -6.591990 2.709441 
-8.213764 -6.584892 2.699914 
-8.327447 -6.528503 2.660968 
-8.446163 -6.465520 2.645372 
-8.494383 -6.436743 2.563149 
-8.607342 -6.366017 2.598704 
-8.675648 -6.324644 2.595963 
-8.727488 -6.291042 2.534610 
-8.791352 -6.249665 2.604348 
-8.845729 -6.215982 2.571570 
-8.891550 -6.187539 2.601590 
-8.952622 -6.151810 2.622659 
-8.993355 -6.129310 2.655050 
-9.050103 -6.100341 2.677373 
-9.149635 -6.048940 2.649833 
-9.230429 -6.011696 2.768028 
-9.353807 -5.966596 2.814186 
-9.437108 -5.938442 2.823878 
-9.488123 -5.922868 2.859760 
-9.581673 -5.896189 2.872603 
-9.632966 -5.882779 2.894963 
-9.724878 -5.860268 2.911836 
-9.765120 -5.851836 2.962100 
-9.815465 -5.842251 2.943331 
-9.910089 -5.824928 2.976444 
-9.975297 -5.814060 2.978457 
-10.005859 -5.808999 2.979222 
-10.073366 -5.798209 2.986724 
-10.143749 -5.787073 2.981810 
-10.208535 -5.776242 2.967428 
-10.255302 -5.768534 2.989611 
-10.296602 -5.761951 2.975879 
-10.326926 -5.756952 2.983407 
-10.368104 -5.749967 2.964587 
-10.411792 -5.741801 2.950103 
-10.434135 -5.736838 2.897348 
-10.473798 -5.726640 2.879827 
-10.504820 -5.718234 2.873269 
-10.525967 -5.712280 2.863058 
-10.538898 -5.708267 2.814349 
-10.560792 -5.700718 2.804935 
-10.591227 -5.690355 2.821949 
-10.599099 -5.687763 2.823924 
-10.627688 -5.680387 2.970328 
-10.646657 -5.676967 2.955034 
-10.663872 -5.673628 2.945225 
-10.670876 -5.672166 2.927083 
-10.691993 -5.667361 2.908819 
-10.720777 -5.660058 2.879901 
-10.742540 -5.653781 2.838355 
-10.752975 -5.650251 2.792651 
-10.756193 -5.648917 2.701022 
-10.775473 -5.638832 2.599927 
-10.804241 -5.618423 2.440933 
-10.814221 -5.606934 2.069852 
-10.826581 -5.585365 2.115385 
-10.835595 -5.570731 2.129309 
-10.822111 -5.601465 1.879115 
-10.829368 -5.579330 1.896920 
-10.829832 -5.577346 1.681674 
-10.831071 -5.566742 1.691814 
-10.834126 -5.542072 1.696083 
-10.836658 -5.519894 1.673949 
-10.837592 -5.509830 1.650149 
-10.839869 -5.471036 1.606002 
-10.840670 -5.439174 1.581072 
-10.840329 -5.415766 1.537770 
-10.839551 -5.400022 1.498821 
-10.836418 -5.367500 1.451118 
-10.834327 -5.353200 1.400399 
-10.828912 -5.323400 1.384530 
-10.821914 -5.287146 1.380947 
-10.815043 -5.255811 1.329330 
-10.810107 -5.237264 1.289367 
-10.797886 -5.198770 1.238206 
-10.782430 -5.156067 1.203473 
-10.769788 -5.123980 1.195363 
-10.741952 -5.059621 1.136183 
-10.719942 -5.023233 0.922207 
-10.654916 -4.953527 0.751132 
-10.519386 -4.855159 0.490189 
-10.468397 -4.836165 0.207024 
-10.530623 -4.840668 -0.051264 
-10.484475 -4.846954 -0.209261 
-10.451428 -4.849674 0.042545 
-10.394104 -4.849048 -0.017901 
-10.371090 -4.849460 -0.016617 
-10.347425 -4.849854 -0.016107 
-10.327480 -4.850175 -0.016578 
-10.309395 -4.850475 -0.017334 
-10.281038 -4.850966 -0.018447 
-10.266204 -4.851240 -0.018659 
-10.250910 -4.851525 -0.018033 
-10.231558 -4.851874 -0.017635 
-10.215965 -4.852149 -0.018443 
-10.202862 -4.852391 -0.017897 
-10.180549 -4.852791 -0.018391 
-10.158972 -4.853187 -0.017834 
-10.145431 -4.853429 -0.018277 
-10.138410 -4.853557 -0.018056 
-10.126295 -4.853776 -0.018430 
-10.119742 -4.853897 -0.018858 
-10.115804 -4.853971 -0.018732 
-10.101580 -4.854238 -0.018651 
-10.090523 -4.854444 -0.018690 
-10.081676 -4.854609 -0.018274 
-10.073687 -4.854755 -0.018572 
-10.067357 -4.854873 -0.018563 
-10.060257 -4.855005 -0.018307 
-10.052016 -4.855155 -0.019142 
-10.044256 -4.855304 -0.019480 
-10.040238 -4.855382 -0.019475 
-10.036554 -4.855454 -0.019529 
-9.999374 -4.863045 -0.379018 
-9.963667 -4.885723 -0.739771 
-9.941019 -4.911318 -0.976483 
-9.921121 -4.945342 -1.123618 
-9.904304 -4.985059 -1.224672 
-9.888584 -5.033251 -1.286404 
-9.871802 -5.096821 -1.326340 
-9.851512 -5.192366 -1.392489 
-9.836926 -5.273990 -1.387948 
-9.828834 -5.323609 -1.422711 
-9.822555 -5.370327 -1.451886 
-9.818267 -5.406213 -1.451032 
-9.812413 -5.447106 -1.408486 
-9.804936 -5.488090 -1.374655 
-9.801826 -5.503030 -1.353311 
-9.789582 -5.555181 -1.328479 
-9.774713 -5.611465 -1.293557 
-9.761575 -5.653428 -1.243862 
-9.755569 -5.670734 -1.232308 
-9.723792 -5.754117 -1.181428 
-9.687758 -5.834969 -1.126924 
-9.652778 -5.903473 -1.070609 
-9.649517 -5.909118 -1.032222 
-9.595901 -5.992825 -0.969598 
-9.532349 -6.079141 -0.916354 
-9.474623 -6.147548 -0.825404 
-9.412767 -6.211325 -0.770032 
-9.336048 -6.282639 -0.717600 
-9.278890 -6.332804 -0.722899 
-9.225196 -6.378993 -0.695231 
-9.174402 -6.422805 -0.725870 
-9.118809 -6.473575 -0.747723 
-9.063082 -6.524668 -0.738671 
-8.950372 -6.634453 -0.808565 
-8.893092 -6.701023 -0.903955 
-8.825717 -6.788250 -0.923927 
-8.781755 -6.847231 -0.930293 
-8.744533 -6.902839 -1.032687 
-8.676183 -7.020477 -1.057072 
-8.631402 -7.105452 -1.110470 
-8.588102 -7.203209 -1.196183 
-8.557085 -7.281348 -1.192975 
-8.523698 -7.364391 -1.185009 
-8.509358 -7.400881 -1.203065 
-8.483828 -7.471919 -1.250637 
-8.470051 -7.514659 -1.268238 
-8.446998 -7.582967 -1.223039 
-8.431512 -7.625835 -1.222158 
-8.421899 -7.653547 -1.249835 
-8.406165 -7.700431 -1.244781 
-8.390184 -7.744695 -1.206232 
-8.368569 -7.805763 -1.251566 
-8.347757 -7.865699 -1.219787 
-8.337143 -7.892933 -1.178862 
-8.322382 -7.927669 -1.162634 
-8.309841 -7.955523 -1.134796 
-8.292820 -7.991745 -1.131672 
-8.276158 -8.026032 -1.106285 
-8.259399 -8.059518 -1.108049 
-8.251313 -8.075728 -1.109034 
-8.240570 -8.097316 -1.107909 
-8.228234 -8.125520 -1.217189 
-8.229475 -8.122607 -1.117189 
-8.220975 -8.141729 -1.182250 
-8.211024 -8.165882 -1.180865 
-8.201889 -8.187131 -1.149959 
-8.196156 -8.199584 -1.127218 
-8.187427 -8.217161 -1.092399 
-8.185290 -8.221065 -1.044994 
-8.172385 -8.242221 -1.003117 
