2.000000 0.141421 0.141421 
2.000000 0.141421 0.141421 
2.000000 0.141421 0.141421 
2.000000 0.141421 0.141421 
2.000000 0.141421 0.141421 
2.000000 0.141421 0.141421 
2.000000 0.141421 0.141421 
2.000000 0.141421 0.141421 
2.000000 0.141421 0.141421 
2.000000 0.141421 0.141421 
2.000000 0.141421 0.141421 
2.000000 0.141421 0.141421 
2.000000 0.141421 0.141421 
2.000000 0.141421 0.141421 
2.000000 0.763675 0.141421 
1.572159 0.684054 0.177347 
1.251774 0.684395 0.212398 
0.484631 0.693723 0.290916 
0.325815 0.776756 0.345225 
0.248950 1.004367 0.523108 
0.191699 1.004367 0.837034 
0.196139 1.805609 1.054962 
0.222204 2.000000 2.000000 
0.194428 2.000000 2.000000 
0.194428 2.000000 2.000000 
0.194428 2.000000 2.000000 
0.166653 2.000000 2.000000 
0.166653 2.000000 2.000000 
0.138877 2.000000 2.000000 
0.138877 2.000000 2.000000 
0.138877 2.000000 2.000000 
0.138877 2.000000 2.000000 
0.111102 2.000000 2.000000 
0.111102 2.000000 2.000000 
0.111102 2.000000 2.000000 
0.111102 2.000000 2.000000 
0.083326 2.000000 2.000000 
0.104941 2.000000 2.000000 
0.104941 2.000000 2.000000 
0.104941 2.000000 2.000000 
0.078706 2.000000 1.364530 
0.121487 1.606389 1.016702 
0.158330 1.004709 0.313972 
0.255286 0.816981 0.154564 
0.429928 0.879007 0.095028 
1.783053 0.428233 0.026765 
2.000000 0.941397 0.027688 
2.000000 0.973687 0.024342 
1.165125 1.088070 0.066617 
0.658407 1.524713 0.167092 
0.477368 1.877158 0.544981 
0.387634 0.280066 2.000000 
0.401994 1.836789 0.847749 
0.332258 0.500118 2.000000 
0.376870 1.816605 1.009225 
0.304570 1.480351 2.000000 
0.314650 1.786025 1.866296 
0.310464 1.788620 1.889104 
0.305488 1.772390 1.550842 
0.264043 1.764830 2.000000 
0.279432 1.752824 1.571497 
0.235467 1.746271 2.000000 
0.251207 1.735916 1.614805 
0.230395 1.730708 1.911828 
0.248954 1.738886 1.496251 
0.206844 1.708364 2.000000 
0.222453 1.518755 1.518755 
0.222453 1.397255 1.518755 
0.194364 1.159064 1.382743 
0.212323 0.861989 1.128795 
0.228612 0.707498 0.915585 
0.246019 0.548052 0.800999 
0.283926 0.407887 0.686968 
0.320267 0.307724 0.659409 
0.771632 0.227660 0.569150 
0.717132 0.142205 0.497718 
0.788612 0.049776 0.447984 
2.000000 0.026536 0.451106 
2.000000 0.027825 0.417379 
2.000000 0.025950 0.389255 
2.000000 0.489022 0.366766 
2.000000 0.398183 0.329589 
2.000000 0.278883 0.329589 
2.000000 0.124819 0.299565 
2.000000 0.124819 0.299565 
1.268873 0.642091 0.237811 
1.268873 0.629282 0.226541 
2.000000 0.592094 0.242220 
2.000000 0.472569 0.242220 
2.000000 0.372988 0.266420 
2.000000 0.235416 0.261574 
2.000000 0.183915 0.289009 
2.000000 0.160552 0.294345 
1.961005 0.164523 0.274205 
1.860095 0.700085 0.280034 
1.787909 0.649002 0.311521 
1.053727 0.566741 0.369613 
0.918494 0.527545 0.383669 
0.883216 0.470821 0.447280 
0.822511 0.375563 0.445982 
0.778842 0.284159 0.473599 
0.752500 0.194243 0.437047 
1.009041 0.125752 0.402407 
1.384277 0.052599 0.420794 
1.320017 0.056288 0.394017 
1.242430 0.053339 0.373370 
1.189513 0.050588 0.354115 
1.139929 0.556640 0.338824 
1.091248 0.524292 0.324562 
1.025515 0.463596 0.334820 
0.962928 0.421023 0.315767 
0.921494 0.375231 0.321627 
0.880941 0.297689 0.324751 
0.821095 0.242371 0.323162 
0.781796 0.185828 0.318562 
0.743306 0.129773 0.311456 
0.726192 0.151282 0.302564 
0.688902 0.147915 0.271177 
0.651182 0.169606 0.266523 
0.612829 0.167418 0.263086 
0.594876 0.212623 0.236248 
0.574989 0.211996 0.235551 
0.534510 0.211378 0.234865 
0.514533 0.679152 0.234190 
0.485396 0.696181 0.223772 
0.440661 0.725073 0.241691 
0.420369 0.760753 0.706414 
0.400558 0.726368 0.672563 
0.380768 0.719445 0.639506 
0.361141 0.735828 0.604430 
0.341912 0.719952 0.565676 
0.323012 0.702769 0.527077 
0.324781 0.709409 0.489248 
0.306540 0.764356 0.453836 
0.290449 0.890284 0.413972 
0.296086 0.890284 0.378371 
0.302395 1.129185 0.288946 
0.302395 1.609842 0.261114 
0.346054 0.501047 0.240503 
0.382321 0.501047 0.240503 
0.392204 0.182598 0.202887 
0.392204 0.304122 0.202748 
0.363561 0.284867 0.183129 
0.358640 0.347304 0.183867 
0.374727 0.308713 0.164647 
0.345386 0.352486 0.165876 
0.360979 0.314445 0.146741 
0.399336 0.275576 0.148387 
0.416569 0.320943 0.128377 
0.409786 0.282495 0.130382 
0.447633 0.264303 0.110126 
0.484983 0.290599 0.111769 
0.521263 0.273299 0.091100 
0.536707 0.255770 0.093007 
0.614492 0.284666 0.094889 
0.752105 0.267614 0.072986 
0.929186 0.250219 0.075066 
1.287184 0.282863 0.051430 
1.222156 0.267435 0.053487 
1.160160 0.250430 0.055651 
1.100274 0.249059 0.055346 
1.041943 0.240337 0.053408 
0.984770 0.232801 0.051734 
0.948589 0.226232 0.050274 
0.913142 0.195967 0.097983 
0.855305 0.193325 0.096662 
0.817761 0.190858 0.119286 
0.779316 0.165477 0.141838 
0.739100 0.164988 0.141418 
0.719364 0.141005 0.164506 
0.677511 0.141417 0.164986 
0.635762 0.141835 0.212753 
0.613341 0.119274 0.190838 
0.570778 0.120407 0.192651 
0.548887 0.121598 0.194556 
0.506935 0.098281 0.221131 
0.484813 0.100065 0.225147 
0.463113 0.102014 0.204029 
0.442019 0.103710 0.207420 
0.421180 0.105539 0.184693 
0.380663 0.107010 0.187267 
0.380351 0.108572 0.190001 
0.360128 0.110233 0.192909 
0.340018 0.112004 0.196008 
0.320007 0.112394 0.196689 
0.300083 0.110570 0.193498 
0.280225 0.108862 0.190509 
0.280446 0.105733 0.187706 
0.260689 0.105733 0.185032 
0.240945 0.102963 0.180184 
0.241315 0.102963 0.180184 
0.201846 0.125620 0.175868 
0.202133 0.124674 0.174543 
0.182195 0.123761 0.173265 
0.182487 0.122880 0.173265 
0.182803 0.122008 0.170811 
0.162781 0.121187 0.169662 
0.163085 0.120393 0.168551 
0.142977 0.119627 0.167477 
0.143268 0.166439 0.166439 
0.143268 0.166439 0.166439 
0.122801 0.166439 0.166439 
0.122801 0.166439 0.142662 
0.122676 0.166951 0.143101 
0.102128 0.167472 0.143548 
0.102028 0.168002 0.144002 
0.101930 0.168541 0.144463 
0.101834 0.169088 0.144933 
0.081393 0.169645 0.145410 
0.083369 0.182334 0.136750 
0.081393 0.169645 0.145410 
0.083369 0.182334 0.136750 
0.081393 0.169645 0.145410 
0.080292 0.130762 0.156915 
0.080009 0.139381 0.167257 
0.080530 0.127645 0.178704 
0.081881 0.118828 0.190125 
0.105166 0.112199 0.179518 
0.083774 0.112983 0.180773 
0.081648 0.119875 0.191800 
0.083774 0.112983 0.180773 
0.081648 0.119875 0.191800 
0.080412 0.129035 0.180650 
0.081648 0.119875 0.191800 
0.083774 0.112983 0.180773 
0.086904 0.107860 0.151003 
0.083774 0.112983 0.180773 
0.086904 0.107860 0.151003 
0.114030 0.125012 0.145847 
0.091017 0.104304 0.125165 
0.086751 0.108042 0.151259 
0.091017 0.104304 0.125165 
0.120925 0.122159 0.122159 
0.096740 0.101799 0.122159 
0.091017 0.104304 0.125165 
0.096740 0.101799 0.122159 
0.091017 0.104304 0.125165 
0.086751 0.108042 0.151259 
0.083666 0.113232 0.158525 
0.086751 0.108042 0.151259 
0.081580 0.113232 0.158525 
0.081580 0.120207 0.192331 
0.083666 0.108042 0.151259 
0.086751 0.108042 0.151259 
0.086751 0.108042 0.151259 
0.086751 0.104304 0.125165 
0.096740 0.101799 0.122159 
0.091017 0.104304 0.125165 
0.096740 0.101799 0.122159 
0.091017 0.104304 0.125165 
0.096740 0.101799 0.122159 
0.130430 0.120469 0.100391 
0.104697 0.120427 0.100356 
0.105054 0.100323 0.100323 
0.105054 0.100323 0.100323 
0.105054 0.100323 0.080258 
0.105415 0.100291 0.080233 
0.079335 0.100261 0.080209 
0.110121 0.100039 0.080031 
0.109707 0.100051 0.060030 
0.081669 0.100079 0.060048 
0.100159 0.100985 0.060591 
0.099556 0.101103 0.060662 
0.093135 0.103152 0.041261 
0.066240 0.127645 0.042548 
0.063588 0.133130 0.044377 
0.061733 0.164003 0.046858 
0.063588 0.133130 0.044377 
0.061733 0.164003 0.046858 
0.060572 0.175576 0.050165 
0.060042 0.218238 0.054559 
0.060117 0.213371 0.053343 
0.060801 0.295505 0.049251 
0.062128 0.346278 0.069256 
0.064169 0.460583 0.065798 
0.067042 0.611616 0.105451 
0.094569 0.943345 0.102538 
0.101461 1.894296 0.100760 
0.109464 2.000000 0.080047 
0.168957 0.896338 0.061114 
0.220754 0.489386 0.063833 
0.255675 0.418716 0.044075 
0.332687 0.343425 0.045790 
0.512067 0.308404 0.047447 
0.689401 0.319472 0.024575 
1.086137 0.308414 0.025701 
1.742161 0.269745 0.026975 
2.000000 0.283200 0.028249 
2.000000 0.269767 0.026977 
2.000000 0.258705 0.025870 
1.900453 0.249079 0.024908 
0.987491 0.187550 0.048259 
0.987491 0.187550 0.093775 
0.768679 0.160537 0.139092 
0.768679 0.160153 0.137603 
0.624823 0.136932 0.182577 
0.623196 0.136932 0.229381 
0.682092 0.115914 0.208645 
0.658350 0.117208 0.208645 
0.717028 0.094843 0.237107 
0.835014 0.096632 0.241581 
0.932043 0.073958 0.246526 
1.088687 0.075890 0.252968 
1.425900 0.078080 0.234241 
2.000000 0.053470 0.908993 
2.000000 0.051782 0.932083 
0.743943 0.092775 1.020528 
0.436427 0.128907 1.310559 
0.403474 0.327674 2.000000 
0.454497 1.783184 2.000000 
0.445304 2.000000 2.000000 
0.417473 2.000000 2.000000 
0.417473 2.000000 2.000000 
0.389641 2.000000 2.000000 
0.361810 2.000000 2.000000 
0.361810 2.000000 2.000000 
0.333978 2.000000 2.000000 
0.306147 2.000000 2.000000 
0.306147 2.000000 2.000000 
0.278315 2.000000 2.000000 
0.278315 2.000000 2.000000 
0.250484 2.000000 2.000000 
0.250484 2.000000 2.000000 
0.222652 2.000000 2.000000 
0.222652 2.000000 2.000000 
0.194821 2.000000 2.000000 
0.194821 2.000000 2.000000 
0.194821 2.000000 2.000000 
0.166989 2.000000 2.000000 
0.166989 2.000000 2.000000 
0.166989 2.000000 2.000000 
0.166989 2.000000 2.000000 
0.139158 2.000000 2.000000 
0.139158 2.000000 2.000000 
0.139158 2.000000 2.000000 
0.111326 2.000000 2.000000 
0.111326 2.000000 2.000000 
0.111326 2.000000 2.000000 
0.111326 2.000000 2.000000 
0.111326 2.000000 2.000000 
0.083495 0.060008 2.000000 
0.083495 0.060008 2.000000 
0.076487 2.000000 1.731719 
0.071221 1.658687 0.901015 
0.083495 2.000000 2.000000 
0.083495 0.060008 2.000000 
0.071221 1.658687 0.901015 
0.044842 1.658687 0.547161 
0.042887 0.874747 0.415505 
0.041492 0.666973 0.298988 
0.040578 0.563751 0.269620 
0.041492 0.666973 0.298988 
0.042887 0.874747 0.415505 
0.041492 0.666973 0.298988 
0.040578 0.563751 0.269620 
0.040095 0.503863 0.212153 
0.040019 0.466593 0.192126 
0.040346 0.428526 0.151244 
0.040019 0.466593 0.192126 
0.040095 0.503863 0.212153 
0.040019 0.466593 0.192126 
0.040346 0.428526 0.151244 
0.041092 0.399897 0.141140 
0.042296 0.378397 0.111293 
0.041092 0.399897 0.141140 
0.042296 0.378397 0.111293 
0.044026 0.383854 0.106626 
0.069581 0.371971 0.082660 
0.644015 0.364334 0.080963 
0.543534 0.341630 0.040192 
0.491083 0.340238 0.020014 
0.440970 0.320113 0.000000 
0.390520 0.321319 0.401649 
0.369480 0.300836 0.381059 
0.374704 0.280480 0.380652 
0.354323 0.260193 0.320237 
0.330769 0.260091 0.000000 
0.315631 0.240741 0.000000 
0.278214 0.241938 2.000000 
0.302076 0.220102 0.320148 
0.269593 0.200255 0.981248 
0.382253 0.183913 0.143043 
0.336279 0.183604 0.163204 
0.313111 0.163071 0.264991 
0.308950 0.163762 0.245643 
0.329298 0.143825 0.226011 
0.279450 0.144403 0.825161 
0.434588 0.129412 0.194118 
0.642515 0.138269 0.138269 
0.580336 0.115224 0.184358 
0.580336 0.115224 0.184358 
0.619519 0.093698 0.185847 
0.658542 0.093698 0.163971 
0.653739 0.071732 0.741228 
1.844710 0.079386 0.741228 
2.000000 0.053417 0.774544 
1.307407 0.095658 0.774544 
0.572971 0.155069 0.863955 
0.361273 0.230481 1.278119 
0.299161 0.626635 2.000000 
0.307630 2.000000 2.000000 
0.307630 2.000000 2.000000 
0.279663 2.000000 2.000000 
0.279663 2.000000 2.000000 
0.251697 2.000000 2.000000 
0.251697 2.000000 2.000000 
0.251697 2.000000 2.000000 
0.223731 2.000000 2.000000 
0.223731 2.000000 2.000000 
0.195764 2.000000 2.000000 
0.195764 2.000000 2.000000 
0.195764 2.000000 2.000000 
0.167798 2.000000 2.000000 
0.167798 2.000000 2.000000 
0.167798 2.000000 2.000000 
0.139832 2.000000 2.000000 
0.139832 2.000000 2.000000 
0.139832 2.000000 2.000000 
0.139832 2.000000 2.000000 
0.111865 2.000000 2.000000 
0.111865 2.000000 2.000000 
0.111865 2.000000 2.000000 
0.111865 2.000000 2.000000 
0.111865 2.000000 2.000000 
0.083899 2.000000 2.000000 
0.078239 2.000000 2.000000 
0.083899 2.000000 2.000000 
0.078239 2.000000 2.000000 
0.072541 1.486347 1.058768 
0.068252 0.959680 0.605016 
0.043370 0.669942 0.453832 
0.041829 0.543597 0.317098 
0.061181 0.456875 0.264506 
0.041829 0.543597 0.317098 
0.043370 0.669942 0.453832 
0.041829 0.543597 0.317098 
0.061181 0.456875 0.264506 
0.041829 0.543597 0.317098 
0.061181 0.456875 0.264506 
0.321506 0.388522 0.207211 
1.940573 0.374025 0.160296 
1.940573 0.359074 0.138105 
2.000000 0.346235 0.426135 
2.000000 0.346235 0.426135 
2.000000 0.329015 0.164508 
2.000000 0.329015 0.164508 
2.000000 0.310539 0.595199 
2.000000 0.326313 0.489470 
2.000000 0.308559 0.392711 
2.000000 0.308524 0.252429 
2.000000 0.310276 0.113449 
2.000000 0.298812 0.516129 
2.000000 0.311548 0.423692 
2.000000 0.303985 0.276350 
2.000000 0.305600 0.138909 
2.000000 0.306538 0.000000 
2.000000 0.289851 0.579702 
2.000000 0.305550 0.499991 
2.000000 0.304950 0.360396 
2.000000 0.301757 0.219460 
2.000000 0.306535 0.083600 
2.000000 0.302343 0.549715 
2.000000 0.305092 0.416034 
1.741548 0.298796 0.271633 
2.000000 0.300300 0.163800 
2.000000 0.308232 0.000000 
2.000000 0.296080 0.565243 
2.000000 0.311634 0.451815 
2.000000 0.302295 0.329776 
2.000000 0.300742 0.191381 
2.000000 0.334991 0.027916 
2.000000 0.324189 0.459268 
2.000000 0.304761 0.332466 
2.000000 0.306393 0.194977 
2.000000 0.299988 0.054543 
2.000000 0.287267 0.600649 
2.000000 0.303843 0.497198 
2.000000 0.278856 0.362512 
2.000000 0.274433 0.246990 
2.000000 0.303446 0.110344 
2.000000 0.307167 0.558486 
2.000000 0.300146 0.463862 
1.563833 0.317943 0.317943 
1.503686 0.317943 0.211962 
1.421695 0.323982 0.080996 
2.000000 0.339492 0.706939 
1.243378 0.343338 0.633854 
0.544727 0.377872 0.579404 
0.284200 0.391305 0.562502 
0.245203 0.430108 0.573478 
0.226220 0.445830 0.586619 
0.186420 0.507656 0.576882 
0.187136 0.526586 0.595271 
0.167012 0.522635 0.568082 
0.167717 0.541399 0.586515 
0.147614 0.558787 0.606244 
0.147614 0.558787 0.558787 
0.148090 0.622920 0.578425 
0.126551 0.603312 0.513932 
0.125818 0.586282 0.496085 
0.125818 0.569172 0.478104 
0.103732 0.551964 0.413973 
0.103732 0.514219 0.420725 
0.082026 0.496548 0.354677 
0.241819 0.431275 0.304430 
0.321523 0.414239 0.258900 
0.501101 0.425304 0.239234 
0.980415 0.384947 0.192473 
1.880083 0.392307 0.112088 
1.803862 0.372420 0.558630 
1.700677 0.385267 0.467824 
1.620111 0.391429 0.363469 
1.540230 0.389308 0.250269 
1.461486 0.379268 0.135453 
1.386101 0.337546 0.025965 
1.336263 0.321589 0.544228 
1.267894 0.332699 0.486253 
1.183875 0.314977 0.419969 
1.122015 0.320772 0.347503 
1.081611 0.322305 0.268587 
1.022181 0.319249 0.212833 
0.963613 0.287346 0.130612 
0.926439 0.280107 0.050929 
0.891939 0.270620 0.000000 
0.860349 0.260892 0.000000 
0.830097 0.229846 0.000000 
0.799610 0.224247 0.022425 
0.661583 0.197933 0.021993 
0.540956 0.194917 0.086630 
0.524128 0.171755 0.128816 
0.482284 0.171187 0.149789 
0.461253 0.149547 0.705007 
0.631062 0.157054 0.157054 
0.567956 0.134618 0.695524 
0.551307 0.143699 0.718496 
0.501939 0.130469 0.130469 
0.481861 0.130469 0.730629 
0.460237 0.137090 0.795123 
0.445964 0.147619 0.910318 
0.441917 0.201803 0.112113 
0.418484 0.248952 1.108967 
0.423123 0.338251 1.585550 
0.439977 0.360045 2.000000 
0.501242 0.360045 0.100013 
0.406825 0.342457 2.000000 
0.406825 0.342457 2.000000 
0.529907 0.285370 0.264987 
0.507212 0.264776 0.264987 
0.483045 0.264779 0.386984 
0.451557 0.264779 0.429871 
0.488993 0.226928 0.371337 
0.480913 0.226928 0.371337 
0.496031 0.209710 0.356507 
0.488774 0.190586 0.402348 
0.544756 0.193612 0.365711 
0.580048 0.174583 0.370989 
0.592857 0.155547 0.355536 
0.647891 0.158747 0.362851 
0.743803 0.139222 0.348056 
0.900134 0.142856 0.309520 
0.995835 0.121734 0.340856 
1.311891 0.125677 0.326761 
1.888431 0.103803 0.337359 
2.000000 0.108094 0.324282 
2.000000 0.112623 0.309712 
2.000000 0.109393 0.300831 
2.000000 0.105697 0.290667 
2.000000 0.102494 0.281859 
2.000000 0.149542 0.249236 
1.683118 0.147386 0.245643 
1.383761 0.193836 0.218065 
1.283196 0.241497 0.193198 
1.341865 0.243098 0.194478 
1.238067 0.269229 0.171328 
1.395983 0.297876 0.173761 
1.572594 0.278215 0.151754 
1.889697 0.309669 0.154835 
2.000000 0.291359 0.132436 
2.000000 0.272529 0.136265 
2.000000 0.307656 0.111875 
2.000000 0.302823 0.110118 
2.000000 0.265804 0.132902 
2.000000 0.259850 0.129925 
2.000000 0.254452 0.152671 
1.918577 0.225444 0.175346 
1.779798 0.198902 0.223765 
1.637019 0.199638 0.224592 
1.615657 0.175338 0.250483 
1.672907 0.177368 0.253383 
1.569330 0.153867 0.282090 
1.505239 0.157153 0.261921 
1.422778 0.133353 0.293376 
1.340623 0.137299 0.274598 
1.280006 0.141853 0.281988 
1.220381 0.138016 0.276031 
1.161606 0.134535 0.269070 
1.103485 0.131401 0.262801 
1.045846 0.154278 0.257131 
0.987875 0.177086 0.227682 
0.948822 0.174388 0.225923 
0.909757 0.174388 0.224213 
0.850400 0.220986 0.196432 
0.811221 0.220986 0.196432 
0.728931 0.247282 0.173097 
0.728931 0.250006 0.173097 
0.645154 0.252955 0.177068 
0.623860 0.230393 0.179195 
0.582975 0.258118 0.154871 
0.561816 0.262597 0.157558 
0.520919 0.267436 0.160462 
0.500361 0.245410 0.163606 
0.480113 0.249221 0.166148 
0.460006 0.253286 0.168857 
0.420029 0.251595 0.167730 
0.400164 0.247575 0.687707 
0.380671 0.267437 0.160462 
0.360260 0.245410 0.708962 
0.363098 0.277342 0.756388 
0.348914 0.306656 0.141534 
0.326086 0.313296 0.771191 
0.312618 0.410288 0.866164 
0.322565 0.370587 1.046363 
0.321081 0.332398 1.516567 
0.356799 0.302062 0.120825 
0.322300 0.283316 2.000000 
0.369148 0.260002 0.100001 
0.330271 0.240095 2.000000 
0.378692 0.221843 0.080670 
0.335633 0.221122 0.301530 
0.331326 0.201373 0.261785 
0.302970 0.201674 0.423515 
0.317675 0.182737 0.284258 
0.337372 0.163046 0.264950 
0.309104 0.163735 0.327469 
0.326190 0.144372 0.288745 
0.343702 0.145491 0.249413 
0.362482 0.125471 0.313678 
0.355613 0.127021 0.275212 
0.372650 0.106998 0.256795 
0.389510 0.108281 0.281531 
0.448282 0.109929 0.263829 
0.401172 0.089239 0.245408 
0.438976 0.090683 0.272049 
0.517228 0.069401 0.254472 
0.615069 0.070977 0.236590 
0.712649 0.072535 0.265961 
0.910222 0.049699 0.248497 
0.985986 0.051242 0.230588 
1.564325 0.052792 0.871063 
2.000000 0.026209 0.917307 
1.400056 0.046794 1.006074 
0.498765 0.129665 1.210203 
0.376268 0.308219 2.000000 
0.422333 1.283549 2.000000 
0.547506 2.000000 0.821951 
0.547506 1.268453 0.245507 
0.309516 2.000000 2.000000 
0.309516 1.688770 2.000000 
0.299474 2.000000 2.000000 
0.299474 2.000000 2.000000 
0.272249 2.000000 2.000000 
0.272249 2.000000 2.000000 
0.245025 2.000000 2.000000 
0.245025 2.000000 2.000000 
0.217800 2.000000 2.000000 
0.217800 2.000000 2.000000 
0.217800 2.000000 2.000000 
0.190575 2.000000 2.000000 
0.190575 2.000000 2.000000 
0.163350 2.000000 2.000000 
0.163350 2.000000 2.000000 
0.163350 2.000000 2.000000 
0.163350 2.000000 2.000000 
0.136125 2.000000 2.000000 
0.136125 2.000000 2.000000 
0.136125 2.000000 2.000000 
0.108900 2.000000 2.000000 
0.108900 2.000000 2.000000 
0.108900 2.000000 2.000000 
0.108900 2.000000 2.000000 
0.108900 2.000000 2.000000 
0.081675 2.000000 2.000000 
0.106891 1.021857 2.000000 
0.142355 0.143374 1.269883 
0.239980 0.042978 0.752115 
0.352695 0.045995 0.551938 
0.567990 0.024529 0.466059 
1.564958 0.026277 0.420438 
2.000000 0.028307 0.395666 
2.000000 0.026435 0.370083 
2.000000 0.025009 0.350128 
1.634707 0.047788 0.310623 
1.241405 0.092526 0.300710 
1.005079 0.158230 0.271252 
0.864786 0.156408 0.245785 
0.764021 0.221504 0.221504 
0.764021 0.265805 0.221504 
0.719341 0.244696 0.200206 
0.738261 0.290456 0.201085 
0.692040 0.315659 0.180376 
0.769639 0.320286 0.160143 
0.783669 0.326256 0.163128 
0.900497 0.309148 0.142683 
1.118161 0.291776 0.145888 
1.132943 0.322738 0.124130 
1.549637 0.307123 0.127968 
2.000000 0.316376 0.105459 
2.000000 0.308480 0.109523 
2.000000 0.308480 0.112175 
2.000000 0.287220 0.104444 
2.000000 0.287220 0.104444 
1.782843 0.246647 0.147988 
1.463642 0.246647 0.147988 
1.305958 0.216000 0.240000 
1.202775 0.192615 0.240769 
1.159852 0.169641 0.266579 
1.297818 0.171955 0.245650 
1.254302 0.148972 0.297944 
1.571559 0.152379 0.279361 
2.000000 0.129600 0.311039 
1.943460 0.133686 0.294109 
1.840701 0.137675 0.275351 
1.740000 0.113144 0.311109 
1.661298 0.108917 0.299523 
1.584776 0.131608 0.263216 
1.508145 0.154504 0.257507 
1.431091 0.151997 0.253328 
1.374392 0.174615 0.224505 
1.295495 0.198096 0.222858 
1.235739 0.222058 0.197385 
1.174046 0.222855 0.198094 
1.112473 0.248519 0.173963 
1.049546 0.251310 0.175917 
1.007231 0.254256 0.177979 
0.945170 0.283105 0.154421 
0.902809 0.262935 0.157761 
0.861442 0.267802 0.160681 
0.800532 0.245766 0.163844 
0.760153 0.249601 0.166401 
0.740004 0.253692 0.170289 
0.700062 0.251249 0.167500 
0.660297 0.247251 0.164834 
0.620671 0.243505 0.162336 
0.601182 0.239987 0.159991 
0.561740 0.236678 0.184083 
0.542158 0.234585 0.182455 
0.522594 0.232571 0.180888 
0.482919 0.230633 0.179381 
0.463346 0.228766 0.177929 
0.443769 0.226968 0.655685 
0.420420 0.758824 0.704622 
0.400617 0.724583 0.644074 
0.380977 0.714385 0.608550 
0.361555 0.701679 0.571738 
0.342413 0.687096 0.534408 
0.323601 0.721008 0.497247 
0.308763 0.746808 0.457721 
0.308763 0.795966 0.421394 
0.294369 1.019167 0.381674 
0.298944 1.019167 0.346950 
0.326746 2.000000 0.282564 
0.332098 2.000000 0.240060 
0.438006 0.182934 0.223586 
0.391558 0.182934 0.223586 
0.369215 0.304035 0.202690 
0.363997 0.284774 0.203410 
0.336018 0.367295 0.183647 
0.375134 0.308580 0.164576 
0.391839 0.269416 0.165795 
0.364541 0.312692 0.145923 
0.380610 0.294900 0.147450 
0.397278 0.319214 0.127686 
0.390584 0.302365 0.129585 
0.428014 0.284951 0.109596 
0.464894 0.289684 0.111417 
0.522271 0.272344 0.090781 
0.599659 0.254777 0.092646 
0.594908 0.283455 0.094485 
0.712359 0.266349 0.072641 
0.909921 0.248901 0.074670 
1.167440 0.281220 0.076696 
1.844787 0.264488 0.052898 
2.000000 0.879340 0.054959 
2.000000 0.859473 0.050557 
0.750137 0.934884 0.114010 
0.442423 1.295876 0.148707 
0.363136 2.000000 0.386729 
0.412190 2.000000 2.000000 
0.384711 2.000000 2.000000 
0.357232 2.000000 2.000000 
0.357232 2.000000 2.000000 
0.329752 2.000000 2.000000 
0.302273 2.000000 2.000000 
0.302273 2.000000 2.000000 
0.274794 2.000000 2.000000 
0.274794 2.000000 2.000000 
0.247314 2.000000 2.000000 
0.247314 2.000000 2.000000 
0.219835 2.000000 2.000000 
0.219835 2.000000 2.000000 
0.219835 2.000000 2.000000 
0.192356 2.000000 2.000000 
0.192356 2.000000 2.000000 
0.164876 2.000000 2.000000 
0.164876 2.000000 2.000000 
0.164876 2.000000 2.000000 
0.164876 2.000000 2.000000 
0.137397 2.000000 2.000000 
0.137397 2.000000 2.000000 
0.137397 2.000000 2.000000 
0.109917 2.000000 2.000000 
0.109917 2.000000 2.000000 
0.109917 2.000000 2.000000 
0.109917 2.000000 2.000000 
0.109917 2.000000 2.000000 
0.082438 2.000000 2.000000 
0.082438 2.000000 2.000000 
0.105960 1.806116 0.304402 
0.200688 0.908226 0.084486 
0.314121 0.632808 0.045201 
0.314121 0.632808 0.024265 
1.823475 0.427012 0.026688 
2.000000 0.416701 0.027780 
2.000000 0.388755 0.025917 
2.000000 0.367748 0.049033 
1.520892 0.329040 0.047006 
1.105802 0.295717 0.113737 
0.928680 0.267866 0.156255 
0.850870 0.265000 0.220833 
0.789612 0.241925 0.263919 
0.724410 0.220378 0.264453 
0.764577 0.221289 0.309805 
0.738782 0.200875 0.334792 
0.795205 0.181022 0.316789 
0.809662 0.183730 0.344494 
0.905826 0.163821 0.327642 
0.939990 0.143348 0.358371 
1.175698 0.147632 0.319870 
1.573101 0.126217 0.353408 
2.000000 0.130932 0.314237 
2.000000 0.108169 0.351550 
2.000000 0.112954 0.339965 
2.000000 0.108171 0.324514 
2.000000 0.130210 0.312504 
2.000000 0.151740 0.278191 
1.922176 0.173687 0.248124 
1.683401 0.196375 0.245468 
1.462790 0.219399 0.219399 
1.340891 0.268154 0.195021 
1.418603 0.246314 0.197051 
1.396155 0.297699 0.173658 
1.754231 0.278038 0.176933 
2.000000 0.308193 0.154097 
2.000000 0.289843 0.158096 
1.922410 0.323618 0.134841 
1.820138 0.307364 0.139711 
1.740391 0.304732 0.138515 
1.642434 0.295483 0.134310 
1.565880 0.287329 0.130604 
1.490370 0.254629 0.178241 
1.432712 0.251630 0.176141 
1.354894 0.248790 0.223911 
1.295206 0.223093 0.223093 
1.234493 0.223093 0.247881 
1.152674 0.199029 0.248787 
1.110631 0.200516 0.250645 
0.986912 0.176799 0.280006 
0.986912 0.178186 0.280006 
0.944512 0.181168 0.289597 
0.882644 0.157962 0.289597 
0.800245 0.165654 0.276091 
0.760003 0.170162 0.276091 
0.720123 0.166650 0.282088 
0.680589 0.163066 0.277750 
0.641335 0.159737 0.266228 
0.622291 0.159737 0.266228 
0.583344 0.179796 0.256852 
0.564231 0.202985 0.253731 
0.524612 0.226574 0.226574 
0.504434 0.226574 0.226574 
0.484257 0.704898 0.226574 
0.460315 0.191049 0.245634 
0.420483 0.702531 0.783592 
0.400825 0.665792 0.772319 
0.381392 0.627548 0.758287 
0.382379 0.588640 0.767792 
0.363949 0.547732 0.771805 
0.346382 0.506521 0.820081 
0.330690 0.463721 0.857884 
0.317526 0.400111 0.978050 
0.333069 0.360140 1.271083 
0.340770 0.325192 0.162596 
0.333426 0.306834 1.943283 
0.349232 0.280414 0.160237 
0.341961 0.260801 0.140431 
0.309383 0.261371 2.000000 
0.349162 0.220328 0.200298 
0.323468 0.220282 1.081384 
0.381996 0.204392 0.143074 
0.385104 0.183492 0.163104 
0.337891 0.183346 0.264833 
0.358131 0.163512 0.245268 
0.307147 0.164099 0.307685 
0.348255 0.144592 0.268528 
0.343344 0.145568 0.249546 
0.316855 0.125543 0.313859 
0.355286 0.127105 0.275394 
0.372329 0.107077 0.256984 
0.389198 0.108369 0.281759 
0.447953 0.110028 0.264068 
0.422002 0.089328 0.245651 
0.459596 0.090782 0.272345 
0.516946 0.069485 0.254779 
0.614777 0.071072 0.236907 
0.712357 0.072642 0.266352 
0.768376 0.049781 0.248905 
1.086325 0.051336 0.231011 
1.564055 0.027316 0.925730 
2.000000 0.027316 0.901440 
1.351931 0.025404 1.006814 
1.351931 0.068646 1.006814 
0.313366 0.468718 2.000000 
0.313366 2.000000 2.000000 
0.327797 2.000000 2.000000 
0.300480 2.000000 2.000000 
0.300480 2.000000 2.000000 
0.273164 2.000000 2.000000 
0.273164 2.000000 2.000000 
0.245847 2.000000 2.000000 
0.245847 2.000000 2.000000 
0.218531 2.000000 2.000000 
0.218531 2.000000 2.000000 
0.218531 2.000000 2.000000 
0.191215 2.000000 2.000000 
0.191215 2.000000 2.000000 
0.163898 2.000000 2.000000 
0.163898 2.000000 2.000000 
0.163898 2.000000 2.000000 
0.163898 2.000000 2.000000 
0.136582 2.000000 2.000000 
0.136582 2.000000 2.000000 
0.136582 2.000000 2.000000 
0.109266 2.000000 2.000000 
0.109266 2.000000 2.000000 
0.109266 2.000000 2.000000 
0.109266 2.000000 2.000000 
0.109266 2.000000 2.000000 
0.081949 2.000000 2.000000 
0.075329 2.000000 1.453439 
0.070349 1.172526 0.822826 
0.075329 2.000000 1.453439 
0.070349 1.172526 0.822826 
0.066611 0.847412 0.529633 
0.070349 1.172526 0.822826 
0.075329 2.000000 1.453439 
0.081949 2.000000 2.000000 
0.075329 2.000000 1.453439 
0.070349 1.172526 0.822826 
0.066611 0.847412 0.529633 
0.042571 0.595757 0.397172 
0.123828 0.488536 0.302427 
0.143209 0.452323 0.285677 
0.182915 0.438187 0.219094 
0.222018 0.402109 0.226186 
0.321599 0.387592 0.180876 
0.941963 0.372708 0.133110 
2.000000 0.389549 0.083475 
2.000000 0.384156 0.000000 
1.831225 0.315123 0.242403 
1.831225 0.315123 0.242403 
1.371287 0.288045 0.000000 
1.371287 0.261544 0.551154 
1.187003 0.237815 0.499412 
1.187003 0.221800 0.443599 
2.000000 0.203865 0.382246 
2.000000 0.209910 0.262388 
2.000000 0.185334 0.158857 
2.000000 0.184489 0.105422 
2.000000 0.182041 0.104023 
2.000000 0.154056 0.154056 
1.890930 0.154056 0.154056 
1.890930 0.128380 0.795957 
2.000000 0.137891 0.772187 
1.315326 0.148792 0.719160 
0.580552 0.184214 0.782911 
0.345502 0.282138 0.976631 
0.277436 0.517373 1.469340 
0.309303 1.286794 2.000000 
0.353882 2.000000 2.000000 
0.299438 2.000000 2.000000 
0.272217 2.000000 2.000000 
0.272217 2.000000 2.000000 
0.244995 2.000000 2.000000 
0.244995 2.000000 2.000000 
0.244995 2.000000 2.000000 
0.217773 2.000000 2.000000 
0.217773 2.000000 2.000000 
0.190552 2.000000 2.000000 
0.190552 2.000000 2.000000 
0.190552 2.000000 2.000000 
0.190552 2.000000 2.000000 
0.163330 2.000000 2.000000 
0.163330 2.000000 2.000000 
0.163330 2.000000 2.000000 
0.136108 2.000000 2.000000 
0.136108 2.000000 2.000000 
0.136108 2.000000 2.000000 
0.136108 2.000000 2.000000 
0.108887 2.000000 2.000000 
0.108887 2.000000 2.000000 
0.108887 2.000000 2.000000 
0.108887 2.000000 2.000000 
0.108887 2.000000 2.000000 
0.081665 2.000000 2.000000 
0.081665 2.000000 2.000000 
0.073999 2.000000 1.256076 
0.073999 1.241788 1.256076 
0.043911 0.876218 0.491537 
0.043911 1.241788 0.682983 
0.043911 0.876218 0.491537 
0.042213 0.691979 0.334829 
0.041037 0.590201 0.283296 
0.040316 0.506397 0.202559 
0.040013 0.441547 0.193177 
0.040112 0.422193 0.158322 
0.040013 0.441547 0.193177 
0.040316 0.506397 0.202559 
0.041037 0.590201 0.283296 
0.040316 0.506397 0.202559 
0.040013 0.441547 0.193177 
0.040112 0.422193 0.158322 
0.040619 0.390585 0.146469 
1.371444 0.366790 0.114622 
1.118630 0.334835 0.044645 
0.884135 0.304276 0.434680 
0.896578 0.285810 0.395736 
0.974210 0.288777 0.355418 
0.927629 0.268316 0.313035 
0.903887 0.247071 0.000000 
0.705822 0.219340 0.000000 
0.587827 0.215296 0.021530 
0.531774 0.190961 0.084872 
0.470164 0.189579 0.105322 
0.406502 0.167605 0.628519 
0.497514 0.173318 0.649943 
0.648089 0.158662 0.657315 
0.999083 0.144379 0.673770 
2.000000 0.156306 0.677326 
2.000000 0.139439 0.613532 
2.000000 0.153862 0.512874 
1.118255 0.194456 0.437525 
1.068016 0.235445 0.353168 
1.032907 0.255326 0.301749 
0.973312 0.300121 0.184690 
0.926398 0.327656 0.093616 
0.855806 0.313510 0.048232 
0.848232 0.275510 0.050093 
1.707595 0.311454 0.025955 
2.000000 0.272870 0.027287 
2.000000 0.279545 0.027955 
2.000000 0.266779 0.026678 
2.000000 0.256218 0.589301 
2.000000 0.244151 0.515431 
2.000000 0.251886 0.391823 
2.000000 0.245263 0.245264 
2.000000 0.245263 0.109006 
2.000000 0.279672 0.027967 
2.000000 0.272443 0.027244 
2.000000 0.234833 0.052185 
1.917976 0.225829 0.050184 
1.339803 0.191047 0.611411 
1.042310 0.191047 0.477618 
1.807753 0.181938 0.415859 
1.807753 0.181938 0.415859 
1.620001 0.169862 0.197808 
1.620001 0.169862 0.112408 
1.460018 0.168867 0.112578 
1.400185 0.168867 0.111344 
1.320508 0.165187 0.110125 
1.260947 0.163494 0.110125 
1.201468 0.161904 0.107936 
1.142070 0.160346 0.133621 
1.082326 0.132993 0.132993 
1.022197 0.132993 0.132993 
0.962067 0.132993 0.132993 
0.921981 0.132993 0.132993 
0.881895 0.132993 0.132993 
0.841809 0.132993 0.132993 
0.781680 0.106395 0.159592 
0.761148 0.107403 0.161104 
0.720703 0.108452 0.162678 
0.680378 0.109546 0.164319 
0.640160 0.110687 0.166030 
0.620040 0.111878 0.167817 
0.580000 0.113122 0.169728 
0.560035 0.111892 0.167838 
0.520130 0.110688 0.166032 
0.500280 0.109535 0.164303 
0.480474 0.108431 0.162647 
0.440672 0.107372 0.161058 
0.420916 0.106356 0.159534 
0.401177 0.105380 0.158070 
0.381448 0.104442 0.156664 
0.361721 0.103540 0.155311 
0.341991 0.154009 0.154009 
0.341991 0.154009 0.128341 
0.321699 0.128875 0.128875 
0.301593 0.128875 0.128875 
0.281487 0.128875 0.128875 
0.261380 0.128875 0.128875 
0.261380 0.128875 0.128875 
0.241274 0.128875 0.128875 
0.241274 0.128875 0.128875 
0.221168 0.128875 0.128875 
0.201062 0.128875 0.128875 
0.201062 0.128875 0.128875 
0.180956 0.128875 0.128875 
0.180956 0.128875 0.128875 
0.180956 0.128875 0.128875 
0.160849 0.128875 0.128875 
0.160849 0.180424 0.128875 
0.140601 0.181959 0.103977 
0.140415 0.158030 0.105353 
0.120187 0.159479 0.106319 
0.120187 0.160972 0.107315 
0.120071 0.162541 0.109440 
0.120071 0.164160 0.109440 
0.100008 0.167625 0.111750 
0.100008 0.169929 0.112988 
0.080004 0.168022 0.112015 
0.100609 0.153747 0.102498 
0.080583 0.152503 0.101669 
0.081982 0.152503 0.142088 
0.080583 0.152503 0.101669 
0.080017 0.166359 0.110906 
0.080255 0.183933 0.105105 
0.080017 0.166359 0.110906 
0.080583 0.152503 0.101669 
0.081982 0.142088 0.142088 
0.080583 0.152503 0.101669 
0.081982 0.142088 0.142088 
0.080583 0.152503 0.101669 
0.081982 0.142088 0.142088 
0.084287 0.134260 0.179014 
0.081982 0.142088 0.142088 
0.080583 0.152503 0.101669 
0.081982 0.142088 0.142088 
0.084287 0.134260 0.179014 
0.109534 0.128466 0.149877 
0.087461 0.128678 0.150125 
0.114972 0.124489 0.145237 
0.091762 0.124633 0.124633 
0.122165 0.121829 0.121829 
0.097732 0.121829 0.121829 
0.132078 0.120325 0.100271 
0.106030 0.120290 0.100242 
0.106402 0.120258 0.100215 
0.106778 0.120227 0.100189 
0.107159 0.120198 0.080132 
0.107933 0.120147 0.080098 
0.108725 0.100086 0.080069 
0.081846 0.100070 0.080056 
0.106677 0.120235 0.060118 
0.105565 0.100279 0.060167 
0.078633 0.100342 0.060205 
0.083414 0.100015 0.060009 
0.078633 0.100342 0.060205 
0.083414 0.100015 0.060009 
0.078633 0.100342 0.060205 
0.097117 0.122029 0.061014 
0.078633 0.100342 0.060205 
0.097117 0.122029 0.061014 
0.091299 0.124957 0.041652 
0.086960 0.150911 0.043118 
0.083813 0.158051 0.045157 
0.081674 0.191609 0.047902 
0.083813 0.158051 0.045157 
0.086960 0.150911 0.043118 
0.091299 0.122029 0.041652 
0.097117 0.122029 0.061014 
0.091299 0.124957 0.041652 
0.086960 0.150911 0.043118 
0.081674 0.191609 0.047902 
0.081674 0.191609 0.047902 
0.081674 0.191609 0.047902 
0.080425 0.206203 0.047902 
0.080000 0.253849 0.056727 
0.080000 0.258935 0.051787 
0.081581 0.336561 0.048080 
0.083668 0.407618 0.067936 
0.081581 0.336561 0.048080 
0.083668 0.336561 0.067936 
0.086754 0.518586 0.086431 
0.091021 0.750971 0.104302 
0.096745 1.160490 0.122157 
0.091021 0.750971 0.104302 
0.096745 1.160490 0.122157 
0.130439 2.000000 0.100390 
0.132608 2.000000 0.100238 
0.165181 0.677216 0.082087 
0.265317 0.446296 0.063757 
0.321022 0.372612 0.065755 
0.377127 0.316146 0.067746 
0.433793 0.301794 0.046430 
0.551182 0.263640 0.047934 
0.729155 0.296322 0.049387 
1.086477 0.282056 0.025641 
2.000000 0.267779 0.026778 
2.000000 0.252109 0.028012 
2.000000 0.246085 0.027343 
2.000000 0.236663 0.026296 
2.000000 0.228655 0.025406 
1.560310 0.197136 0.049284 
1.385216 0.193111 0.048278 
1.086195 0.165796 0.094741 
1.007522 0.164332 0.140856 
0.946909 0.140452 0.140452 
0.905739 0.117043 0.163860 
0.862639 0.117719 0.164806 
0.819793 0.094733 0.213150 
0.897268 0.096205 0.192410 
0.873691 0.073107 0.219321 
1.051498 0.074659 0.223976 
1.591094 0.076381 0.203684 
1.647071 0.051980 0.233911 
2.000000 0.053635 0.214540 
2.000000 0.663019 0.248632 
1.287363 0.565129 0.282564 
1.155413 0.492135 0.295281 
0.551308 0.407144 0.335295 
0.430111 0.403367 0.355912 
0.410508 0.353785 0.353785 
0.410508 0.306613 0.353785 
0.327708 0.284719 0.403353 
0.347481 0.238714 0.381943 
0.951482 0.148498 0.346494 
0.906080 0.148498 0.346494 
0.982860 0.000000 0.342575 
2.000000 0.000000 0.336796 
2.000000 0.347619 0.320879 
2.000000 0.214943 0.320879 
2.000000 0.000000 0.290098 
2.000000 0.629021 0.276769 
2.000000 0.533189 0.266594 
2.000000 0.420228 0.280152 
2.000000 0.277789 0.277789 
2.000000 0.138894 0.277789 
2.000000 0.028022 0.280217 
2.000000 0.026733 0.267330 
2.000000 0.025668 0.256677 
1.659687 0.049547 0.222964 
1.384620 0.676913 0.217579 
2.000000 0.647451 0.207184 
2.000000 0.588731 0.196244 
2.000000 0.477110 0.185543 
1.250207 0.379024 0.252683 
1.052315 0.297510 0.247925 
0.993174 0.196919 0.295379 
0.949744 0.124863 0.299670 
1.086377 0.025659 0.282247 
2.000000 0.000000 0.294788 
2.000000 0.000000 0.282315 
2.000000 0.000000 0.267691 
2.000000 0.000000 0.255876 
1.560699 0.639992 0.221536 
2.000000 0.604518 0.210267 
2.000000 0.509375 0.226160 
2.000000 0.375503 0.214573 
1.967670 0.234765 0.234765 
1.867278 0.104340 0.260850 
2.000000 0.053601 0.268005 
2.000000 0.055785 0.251034 
2.000000 0.055211 0.248447 
2.000000 0.053291 0.239811 
2.000000 0.671217 0.232344 
2.000000 0.586347 0.223370 
2.000000 0.508083 0.213930 
1.107747 0.381852 0.280025 
1.029891 0.275661 0.275661 
0.969309 0.225541 0.275661 
0.927670 0.126263 0.303030 
0.984283 0.051953 0.285742 
2.000000 0.027054 0.270542 
2.000000 0.028345 0.282243 
2.000000 0.026899 0.268994 
2.000000 0.025806 0.258062 
1.900717 0.481759 0.248906 
1.304529 0.481759 0.216792 
1.777701 0.365215 0.208694 
2.000000 0.365215 0.208694 
2.000000 0.137931 0.193104 
2.000000 0.081905 0.191112 
2.000000 0.080295 0.187355 
2.000000 0.078812 0.183895 
2.000000 0.103258 0.154887 
1.710577 0.691202 0.153600 
2.000000 0.681378 0.140895 
1.689189 0.592085 0.154457 
1.140939 0.530774 0.193009 
0.600081 0.508765 0.208131 
0.421330 0.514861 0.291009 
0.321074 0.525940 0.328712 
0.282736 0.517207 0.409456 
0.263474 0.534262 0.427409 
0.199583 0.508913 0.445299 
0.200823 0.527795 0.464460 
0.202106 0.504563 0.567634 
0.156200 0.464451 0.527786 
0.155239 0.445282 0.508894 
0.154311 0.383419 0.489924 
0.174671 0.365051 0.472418 
0.173083 0.281585 0.454867 
0.213431 0.263885 0.461799 
0.231541 0.201721 0.425855 
0.269942 0.137741 0.390267 
0.328031 0.094640 0.354902 
0.872531 0.048998 0.318487 
0.825527 0.000000 0.306098 
1.742594 0.564047 0.322312 
0.703723 0.463913 0.335048 
0.665503 0.429291 0.353534 
0.646678 0.399419 0.349492 
0.607169 0.346922 0.346922 
0.566691 0.297361 0.396482 
0.544885 0.251498 0.377246 
0.523096 0.179547 0.359095 
0.481280 0.132143 0.343571 
1.420667 0.082367 0.329468 
1.360240 0.666434 0.333217 
0.740849 0.621506 0.351286 
0.301565 0.619050 0.361112 
0.283332 0.619646 0.421359 
0.264927 0.674945 0.457999 
0.246875 0.679850 0.468862 
0.249636 0.731949 0.526089 
0.231760 0.783340 0.559529 
0.235487 0.832604 0.679230 
0.216718 0.864963 0.713594 
0.219593 0.876087 0.769247 
0.199613 1.010349 0.926153 
0.203487 1.010349 0.984003 
0.181384 1.003317 0.982415 
0.181791 0.960301 1.022930 
0.158012 0.922077 1.068771 
0.155689 0.846385 0.973343 
0.131862 0.704675 0.875506 
0.129916 0.649290 0.822434 
0.128152 0.571240 0.747007 
0.105469 0.513858 0.692591 
0.104287 0.432463 0.660075 
0.103006 0.420534 0.607439 
0.081708 0.358792 0.574068 
0.080441 0.308801 0.488934 
0.081708 0.358792 0.574068 
0.104832 0.451100 0.676650 
0.082776 0.369954 0.624298 
0.081031 0.320769 0.542840 
0.080143 0.267368 0.454525 
0.081031 0.320769 0.542840 
0.082776 0.369954 0.624298 
0.081031 0.320769 0.542840 
0.082776 0.369954 0.624298 
0.085470 0.505079 0.746638 
0.111584 0.675514 1.055491 
0.086273 0.543243 0.803999 
0.090367 0.712166 1.131087 
0.119842 1.143174 1.102347 
0.096397 1.100546 1.100546 
0.129861 2.000000 1.064653 
0.133229 2.000000 0.501011 
0.165737 1.188817 0.081987 
0.283212 0.623983 0.064550 
0.376345 0.521232 0.067987 
0.551567 0.454367 0.047828 
0.906947 0.405556 0.050694 
2.000000 0.376603 0.053800 
2.000000 0.363473 0.055919 
2.000000 0.343495 0.052845 
2.000000 0.327616 0.050402 
1.709733 0.290519 0.096840 
1.313250 0.283249 0.141624 
1.157075 0.255217 0.139209 
0.998054 0.228953 0.183163 
0.875614 0.227800 0.227800 
0.813070 0.205020 0.227800 
0.853631 0.182696 0.274044 
0.807855 0.184586 0.299952 
0.906031 0.163729 0.304068 
1.002491 0.166630 0.309456 
1.057790 0.145569 0.291138 
1.254957 0.126580 0.303793 
1.572352 0.126580 0.303793 
2.000000 0.107439 0.322318 
2.000000 0.107439 0.322318 
2.000000 0.109745 0.301799 
2.000000 0.106001 0.291502 
2.000000 0.154137 0.282585 
2.000000 0.151059 0.251765 
1.780734 0.173597 0.223197 
1.560602 0.196974 0.221596 
1.419894 0.220818 0.196282 
1.418733 0.246215 0.172350 
1.496339 0.248882 0.174217 
1.614252 0.276863 0.151016 
2.000000 0.282382 0.154026 
1.886360 0.288434 0.131106 
1.782288 0.269536 0.134768 
1.700478 0.276366 0.138183 
1.600012 0.312353 0.112697 
1.521462 0.298337 0.135608 
1.444212 0.263501 0.131751 
1.387316 0.257765 0.154659 
1.309955 0.253568 0.152141 
1.252905 0.224705 0.174770 
1.194065 0.223051 0.173484 
1.135148 0.196850 0.221456 
1.073478 0.197549 0.222242 
1.032166 0.198260 0.247825 
0.970009 0.174754 0.249648 
0.927684 0.176752 0.252502 
0.865584 0.153309 0.281066 
0.823192 0.156540 0.260900 
0.781766 0.159361 0.265601 
0.740783 0.162413 0.243619 
0.700310 0.164877 0.247315 
0.680060 0.167501 0.251252 
0.640004 0.169114 0.255455 
0.600129 0.166288 0.249432 
0.580406 0.163699 0.245549 
0.540782 0.161271 0.241907 
0.521273 0.158990 0.238485 
0.501846 0.182983 0.235264 
0.482232 0.181397 0.233224 
0.442513 0.693786 0.231262 
0.420042 0.725229 0.725229 
0.400040 0.697336 0.697336 
0.380038 0.669442 0.669442 
0.360036 0.641549 0.641549 
0.340034 0.613655 0.613655 
0.320032 0.585762 0.613655 
0.320062 0.582611 0.582611 
0.300058 0.554868 0.554868 
0.280054 0.527125 0.527125 
0.260050 0.499381 0.527125 
0.260050 0.499381 0.499381 
0.240047 0.443894 0.471638 
0.220043 0.441546 0.471638 
0.200098 0.441546 0.411601 
0.200098 0.413938 0.413938 
0.180057 0.386342 0.386342 
0.180057 0.386342 0.386342 
0.160051 0.358746 0.358746 
0.160051 0.358746 0.358746 
0.160051 0.331150 0.358746 
0.140066 0.329427 0.329427 
0.140066 0.329427 0.329427 
0.120057 0.301974 0.329427 
0.120079 0.300428 0.300428 
0.120079 0.300428 0.300428 
0.120079 0.273116 0.300428 
0.100087 0.271740 0.271740 
0.100087 0.271740 0.271740 
0.100087 0.271740 0.271740 
0.100087 0.244566 0.271740 
0.080089 0.243353 0.243353 
0.080874 0.224116 0.323723 
0.082508 0.186345 0.372691 
0.080874 0.224116 0.323723 
0.080089 0.243353 0.243353 
0.080112 0.295915 0.242113 
0.080943 0.322377 0.198386 
0.082627 0.417874 0.185722 
0.080943 0.322377 0.198386 
0.082627 0.417874 0.185722 
0.080943 0.322377 0.198386 
0.082627 0.417874 0.185722 
0.106564 0.506669 0.176233 
0.087572 0.599834 0.149958 
0.115160 0.808540 0.145123 
0.125768 1.775873 0.121082 
0.138241 2.000000 0.100027 
0.170217 1.138466 0.081319 
0.266273 0.445101 0.084781 
0.301018 0.436053 0.065408 
0.377038 0.361454 0.067773 
0.453322 0.326916 0.046702 
0.610645 0.290475 0.048412 
0.848131 0.275688 0.050125 
1.205261 0.311682 0.025974 
2.000000 0.273105 0.027310 
2.000000 0.279281 0.027928 
2.000000 0.266563 0.026656 
2.000000 0.256037 0.025604 
1.518720 1.013507 0.049439 
0.693986 1.167163 0.112227 
0.381609 1.556117 0.231315 
0.420292 2.000000 2.000000 
0.452506 2.000000 2.000000 
0.424224 2.000000 2.000000 
0.395943 2.000000 2.000000 
0.367661 2.000000 2.000000 
0.367661 2.000000 2.000000 
0.339379 2.000000 2.000000 
0.311098 2.000000 2.000000 
0.311098 2.000000 2.000000 
0.282816 2.000000 2.000000 
0.282816 2.000000 2.000000 
0.254534 2.000000 2.000000 
0.254534 2.000000 2.000000 
0.226253 2.000000 2.000000 
0.226253 2.000000 2.000000 
0.226253 2.000000 2.000000 
0.197971 2.000000 2.000000 
0.197971 2.000000 2.000000 
0.169690 2.000000 2.000000 
0.169690 2.000000 2.000000 
0.169690 2.000000 2.000000 
0.169690 2.000000 2.000000 
0.141408 2.000000 2.000000 
0.141408 2.000000 2.000000 
0.141408 2.000000 2.000000 
0.141408 2.000000 2.000000 
0.113126 2.000000 2.000000 
0.113126 2.000000 2.000000 
0.113126 2.000000 2.000000 
0.113126 2.000000 2.000000 
0.084845 2.000000 2.000000 
0.077509 2.000000 2.000000 
0.084845 2.000000 2.000000 
0.103329 2.000000 0.100503 
0.138937 1.158086 0.062040 
0.257535 0.720983 0.043696 
0.390804 0.562934 0.046911 
0.847426 0.478399 0.025179 
2.000000 0.434745 0.027172 
2.000000 0.408387 0.027226 
2.000000 0.382586 0.025506 
2.000000 0.363011 0.048401 
1.362438 0.325509 0.093003 
1.066619 0.294462 0.113255 
0.909986 0.266846 0.155660 
0.789276 0.264057 0.220048 
0.770490 0.241088 0.284922 
0.725290 0.220044 0.264053 
0.765484 0.220945 0.309323 
0.718485 0.200546 0.334243 
0.712243 0.180701 0.316227 
0.768878 0.183377 0.343832 
0.865393 0.163476 0.326952 
0.940696 0.166854 0.357543 
1.116477 0.146752 0.342422 
1.452807 0.125856 0.352397 
2.000000 0.130507 0.313217 
2.000000 0.134725 0.323339 
2.000000 0.111533 0.334599 
2.000000 0.105550 0.316651 
2.000000 0.105550 0.316651 
1.924328 0.148103 0.280330 
1.924328 0.193831 0.242288 
1.304809 0.240704 0.216634 
1.283214 0.265634 0.217337 
1.341882 0.267395 0.194469 
1.297896 0.294704 0.171911 
1.494983 0.275041 0.175026 
2.000000 0.275041 0.152339 
2.000000 0.310735 0.155367 
1.884112 0.319040 0.132934 
1.780742 0.302523 0.137511 
1.680014 0.309846 0.140839 
1.601153 0.299964 0.136347 
1.523803 0.291287 0.132403 
1.447590 0.283610 0.154697 
1.391423 0.277875 0.151568 
1.315465 0.247862 0.173503 
1.257784 0.245219 0.196176 
1.198980 0.219183 0.219183 
1.138015 0.219183 0.267890 
1.075215 0.196166 0.269729 
1.032170 0.198257 0.247821 
0.970012 0.174751 0.299572 
0.926535 0.178128 0.279915 
0.864187 0.181065 0.258664 
0.822830 0.157218 0.288234 
0.781258 0.160841 0.294874 
0.740332 0.164843 0.274739 
0.700022 0.168369 0.280615 
0.680071 0.167301 0.278835 
0.640433 0.163793 0.272988 
0.601032 0.160574 0.267623 
0.581863 0.183878 0.262683 
0.542487 0.181465 0.259236 
0.523240 0.179188 0.255984 
0.504041 0.202328 0.227619 
0.464022 0.705396 0.226734 
0.440286 0.191225 0.764900 
0.424819 0.620893 0.223522 
0.401019 0.661656 0.741054 
0.381448 0.626644 0.757195 
0.362322 0.587854 0.766766 
0.343813 0.547073 0.770875 
0.346488 0.481890 0.771024 
0.330407 0.441394 0.859558 
0.317690 0.399823 0.955133 
0.332583 0.360524 1.230024 
0.340055 0.305036 0.162686 
0.309813 0.306768 1.942861 
0.349550 0.241297 0.160228 
0.386341 0.241297 0.160864 
0.343986 0.220564 0.140359 
0.322042 0.220339 1.081666 
0.380780 0.204606 0.143224 
0.383848 0.183672 0.163264 
0.336781 0.183522 0.265087 
0.336781 0.163683 0.245525 
0.329755 0.164285 0.308035 
0.347243 0.144779 0.268876 
0.342396 0.145777 0.249904 
0.316018 0.125739 0.314348 
0.354421 0.127333 0.275888 
0.371482 0.107289 0.257494 
0.409951 0.108606 0.282376 
0.447085 0.110297 0.264712 
0.421250 0.089567 0.246309 
0.458851 0.091048 0.273145 
0.536851 0.069712 0.255610 
0.614011 0.071330 0.237765 
0.752255 0.072930 0.267411 
0.909132 0.050002 0.250008 
1.085626 0.051590 0.232157 
1.823940 0.053189 0.930813 
2.000000 0.026019 0.962719 
1.403071 0.046552 1.024139 
0.522361 0.129213 1.249055 
0.401947 0.307604 2.000000 
0.425514 1.483204 2.000000 
0.463720 2.000000 1.661175 
0.412032 2.000000 2.000000 
0.384563 2.000000 2.000000 
0.357095 2.000000 2.000000 
0.357095 2.000000 2.000000 
0.329626 2.000000 2.000000 
0.329626 2.000000 2.000000 
0.302157 2.000000 2.000000 
0.274688 2.000000 2.000000 
0.274688 2.000000 2.000000 
0.247219 2.000000 2.000000 
0.247219 2.000000 2.000000 
0.219751 2.000000 2.000000 
0.219751 2.000000 2.000000 
0.219751 2.000000 2.000000 
0.192282 2.000000 2.000000 
0.192282 2.000000 2.000000 
0.192282 2.000000 2.000000 
0.164813 2.000000 2.000000 
0.164813 2.000000 2.000000 
0.164813 2.000000 2.000000 
0.137344 2.000000 2.000000 
0.137344 2.000000 2.000000 
0.137344 2.000000 2.000000 
0.137344 2.000000 2.000000 
0.109875 2.000000 2.000000 
0.109875 2.000000 2.000000 
0.109875 2.000000 2.000000 
0.109875 2.000000 2.000000 
0.109875 2.000000 2.000000 
0.082406 2.000000 2.000000 
0.079498 1.002445 2.000000 
0.122480 0.304380 1.805989 
0.156122 0.084475 0.908101 
0.314160 0.045191 0.632672 
0.508574 0.024258 0.509411 
1.365146 0.026117 0.443991 
2.000000 0.028378 0.422878 
2.000000 0.026368 0.395515 
2.000000 0.024860 0.372899 
1.659660 0.047401 0.331805 
1.226394 0.114547 0.320731 
1.010398 0.156886 0.291359 
0.871052 0.221194 0.265433 
0.788602 0.220282 0.242310 
0.789892 0.263804 0.241821 
0.724664 0.308393 0.220281 
0.720102 0.310971 0.199910 
0.756790 0.336882 0.202129 
0.750515 0.318929 0.182245 
0.827560 0.347012 0.161939 
1.004607 0.307572 0.165615 
0.998617 0.337421 0.144609 
1.255013 0.321904 0.148571 
1.732494 0.330463 0.127101 
2.000000 0.315364 0.131402 
2.000000 0.352950 0.108600 
2.000000 0.337337 0.112446 
2.000000 0.323305 0.107768 
2.000000 0.311479 0.103826 
2.000000 0.276272 0.150694 
1.803292 0.271184 0.197225 
1.584390 0.243957 0.195166 
1.383726 0.218085 0.242317 
1.463808 0.218813 0.267439 
1.339509 0.195826 0.269261 
1.397006 0.173161 0.296848 
1.613924 0.176391 0.277186 
2.000000 0.153597 0.307193 
1.946315 0.157537 0.288817 
1.842718 0.134326 0.322384 
1.760246 0.139116 0.306056 
1.660231 0.139120 0.306065 
1.581982 0.134842 0.296652 
1.505111 0.131074 0.288363 
1.449390 0.153280 0.281013 
1.373329 0.175324 0.250463 
1.315664 0.198148 0.247685 
1.237736 0.220521 0.220521 
1.115991 0.269525 0.220521 
1.115991 0.269525 0.196019 
1.053403 0.299308 0.174596 
1.010604 0.279649 0.177959 
0.904492 0.310085 0.180883 
0.842297 0.310085 0.180883 
0.800924 0.270183 0.162110 
0.760265 0.275659 0.165395 
0.720007 0.281618 0.168971 
0.680112 0.277841 0.166704 
0.660539 0.272077 0.163246 
0.621200 0.266785 0.160071 
0.602098 0.261910 0.183337 
0.562768 0.258507 0.180955 
0.543574 0.255295 0.178707 
0.504258 0.227033 0.227033 
0.484088 0.227033 0.706326 
0.460269 0.246284 0.191554 
0.440449 0.785597 0.189627 
0.425735 0.221332 0.614812 
0.401471 0.758176 0.627456 
0.382386 0.767687 0.588560 
0.363958 0.771710 0.547665 
0.346392 0.819992 0.506466 
0.330704 0.857807 0.463679 
0.317542 0.977981 0.400083 
0.333091 1.334573 0.360123 
0.340803 0.162592 0.325184 
0.333456 2.000000 0.306825 
0.349276 0.160236 0.280412 
0.342001 0.140430 0.260798 
0.309419 2.000000 0.261368 
0.349119 0.200300 0.240360 
0.297554 1.061158 0.220240 
0.382964 0.142959 0.204227 
0.386103 0.162981 0.203726 
0.339721 0.284776 0.183070 
0.359043 0.245069 0.163379 
0.307904 0.327909 0.163955 
0.348219 0.268540 0.144599 
0.343310 0.249558 0.145576 
0.362086 0.313876 0.125550 
0.355255 0.275412 0.127113 
0.372299 0.257002 0.128501 
0.389858 0.281280 0.108185 
0.427285 0.263567 0.109820 
0.401474 0.245140 0.089142 
0.439277 0.271724 0.090575 
0.517544 0.254134 0.069309 
0.594882 0.236241 0.070872 
0.712976 0.241391 0.072417 
0.850498 0.247177 0.049435 
0.986832 0.254689 0.050938 
1.564635 0.237030 0.052673 
2.000000 0.843656 0.027215 
2.000000 0.866471 0.025484 
1.391941 0.940278 0.068801 
0.462302 1.130187 0.149270 
0.264442 1.835574 0.469091 
0.331298 2.000000 2.000000 
0.331298 1.369356 2.000000 
0.252257 2.000000 2.000000 
0.252257 2.000000 2.000000 
0.224229 2.000000 2.000000 
0.224229 2.000000 2.000000 
0.196200 2.000000 2.000000 
0.196200 2.000000 2.000000 
0.196200 2.000000 2.000000 
0.168171 2.000000 2.000000 
0.168171 2.000000 2.000000 
0.168171 2.000000 2.000000 
0.168171 2.000000 2.000000 
0.140143 2.000000 2.000000 
0.140143 2.000000 2.000000 
0.140143 2.000000 2.000000 
0.112114 2.000000 2.000000 
0.112114 2.000000 2.000000 
0.112114 2.000000 2.000000 
0.112114 2.000000 2.000000 
0.112114 2.000000 2.000000 
0.084086 2.000000 2.000000 
0.104121 2.000000 1.204968 
0.139697 1.196584 0.371354 
0.236938 0.739850 0.174082 
0.352514 0.575548 0.092088 
0.568245 0.514160 0.048968 
1.564699 0.447520 0.026325 
2.000000 0.421442 0.028096 
2.000000 0.392241 0.026149 
2.000000 0.370410 0.024694 
1.580822 0.329993 0.047142 
1.166846 0.296443 0.114017 
0.990535 0.290826 0.156599 
0.850905 0.264986 0.220821 
0.789645 0.241913 0.219921 
0.705440 0.219482 0.263378 
0.724445 0.220365 0.308510 
0.719894 0.199990 0.311096 
0.756585 0.202216 0.337026 
0.750328 0.182330 0.319077 
0.827372 0.162020 0.347186 
1.004408 0.165708 0.307743 
0.998442 0.144696 0.337624 
1.254834 0.148671 0.322120 
1.732298 0.127195 0.330708 
2.000000 0.131511 0.315625 
2.000000 0.108700 0.353275 
2.000000 0.112330 0.336989 
2.000000 0.107671 0.323014 
2.000000 0.103744 0.311232 
2.000000 0.194824 0.276077 
1.707035 0.194824 0.267882 
1.246727 0.238784 0.214906 
1.246727 0.263486 0.214906 
1.202310 0.265197 0.192871 
1.202310 0.292181 0.170439 
1.396555 0.322070 0.173422 
1.572149 0.304036 0.152018 
2.000000 0.311546 0.155773 
2.000000 0.319950 0.133313 
1.900619 0.303484 0.137947 
1.800052 0.308791 0.140360 
1.701450 0.299041 0.135928 
1.624434 0.290473 0.132033 
1.548625 0.282888 0.154302 
1.472678 0.252016 0.176411 
1.415144 0.249156 0.174409 
1.337377 0.246446 0.221802 
1.277628 0.221020 0.221020 
1.216788 0.196462 0.245578 
1.154102 0.197857 0.247321 
1.091709 0.174388 0.298951 
1.027598 0.177731 0.279292 
0.985056 0.180638 0.258054 
0.923403 0.156831 0.287524 
0.881573 0.160414 0.294092 
0.840458 0.164370 0.273951 
0.780048 0.167854 0.279757 
0.740047 0.167822 0.279703 
0.720408 0.164270 0.273783 
0.681051 0.161012 0.268353 
0.641904 0.158014 0.263356 
0.622995 0.181121 0.258744 
0.583764 0.204415 0.255519 
0.564322 0.202778 0.228125 
0.524351 0.201983 0.227231 
0.504521 0.729361 0.226353 
0.480267 0.191701 0.246473 
0.440432 0.731964 0.813293 
0.420772 0.694608 0.801470 
0.401347 0.655633 0.786759 
0.382235 0.615920 0.769901 
0.363505 0.576263 0.776703 
0.345525 0.535446 0.803169 
0.349411 0.469999 0.869499 
0.336288 0.426843 0.966012 
0.328606 0.385396 1.220419 
0.358051 0.327047 2.000000 
0.404224 0.300389 0.160207 
0.368102 0.280874 0.140437 
0.333937 0.281611 2.000000 
0.377559 0.260326 0.200251 
0.354468 0.240174 1.100797 
0.409249 0.224256 0.163095 
0.412661 0.203392 0.162714 
0.366174 0.203093 0.284331 
0.362105 0.183334 0.285187 
0.357260 0.184098 0.347740 
0.376200 0.164395 0.308240 
0.363868 0.165587 0.313006 
0.363868 0.146070 0.313006 
0.351941 0.128030 0.320076 
0.389376 0.129983 0.281629 
0.427494 0.109755 0.263412 
0.465074 0.111355 0.263412 
0.523288 0.090474 0.271421 
0.497128 0.092298 0.253819 
0.595821 0.094096 0.282287 
0.692908 0.072308 0.265129 
0.850161 0.074290 0.247632 
1.168415 0.050844 0.279640 
1.845095 0.052794 0.950286 
2.000000 0.052416 0.969688 
1.461839 0.046793 1.123029 
0.498774 0.129662 1.361453 
0.446831 0.308216 2.000000 
0.475143 1.283544 2.000000 
0.530399 2.000000 0.821954 
0.417431 1.606232 2.000000 
0.448368 2.000000 2.000000 
0.420345 2.000000 2.000000 
0.392322 2.000000 2.000000 
0.392322 2.000000 2.000000 
0.364299 2.000000 2.000000 
0.336276 2.000000 2.000000 
0.336276 2.000000 2.000000 
0.308253 2.000000 2.000000 
0.280230 2.000000 2.000000 
0.280230 2.000000 2.000000 
0.252207 2.000000 2.000000 
0.252207 2.000000 2.000000 
0.252207 2.000000 2.000000 
0.224184 2.000000 2.000000 
0.224184 2.000000 2.000000 
0.196161 2.000000 2.000000 
0.196161 2.000000 2.000000 
0.196161 2.000000 2.000000 
0.168138 2.000000 2.000000 
0.168138 2.000000 2.000000 
0.168138 2.000000 2.000000 
0.140115 2.000000 2.000000 
0.140115 2.000000 2.000000 
0.140115 2.000000 2.000000 
0.140115 2.000000 2.000000 
0.112092 2.000000 2.000000 
0.112092 2.000000 2.000000 
0.112092 0.080004 2.000000 
0.124459 0.060661 2.000000 
0.202996 0.044682 1.027351 
0.295321 0.044682 0.692567 
0.570700 0.048185 0.554128 
1.823777 0.054596 0.479279 
2.000000 0.054596 0.406219 
2.000000 0.050777 0.385966 
1.386278 0.092520 0.346949 
1.092055 0.092520 0.314921 
0.895688 0.220123 0.286160 
0.835869 0.284457 0.284457 
0.835869 0.328220 0.262576 
0.789082 0.352184 0.242126 
0.782892 0.355870 0.222419 
0.838936 0.360682 0.225426 
0.852937 0.343091 0.205855 
0.949849 0.371765 0.185883 
1.084787 0.380389 0.190194 
1.239174 0.365820 0.170716 
1.615161 0.376352 0.175631 
2.000000 0.362576 0.155390 
2.000000 0.375702 0.134179 
2.000000 0.365063 0.140409 
2.000000 0.354585 0.136379 
2.000000 0.341110 0.131196 
2.000000 0.304293 0.177504 
2.000000 0.298490 0.174119 
1.705621 0.268756 0.219891 
1.505222 0.242671 0.266938 
1.585178 0.243486 0.292183 
1.562184 0.220640 0.294187 
1.517969 0.198213 0.322095 
2.000000 0.201933 0.302899 
2.000000 0.179519 0.333392 
2.000000 0.157846 0.368308 
1.901244 0.163884 0.327769 
1.800010 0.170287 0.338261 
1.720784 0.164806 0.329612 
1.623236 0.159931 0.319863 
1.546996 0.181564 0.311252 
1.490914 0.203217 0.304826 
1.414113 0.225085 0.275103 
1.335274 0.248242 0.273066 
1.275562 0.247342 0.247342 
1.214821 0.296811 0.247342 
1.152339 0.298977 0.224233 
1.089409 0.277172 0.226777 
1.027568 0.304738 0.203159 
0.985033 0.309725 0.206484 
0.922987 0.288841 0.210066 
0.881846 0.292802 0.212947 
0.840999 0.324006 0.189004 
0.800189 0.304574 0.193820 
0.760000 0.311251 0.197911 
0.720192 0.304192 0.193577 
0.680712 0.297822 0.189523 
0.641456 0.286760 0.208553 
0.622467 0.286760 0.208553 
0.583193 0.254169 0.254169 
0.564079 0.254169 0.254169 
0.503642 0.254169 0.737089 
0.460130 0.801435 0.221086 
0.444336 0.250390 0.676053 
0.444336 0.778835 0.698266 
0.401005 0.741369 0.661937 
0.381432 0.731382 0.626899 
0.362094 0.744595 0.590541 
0.343282 0.751978 0.526385 
0.325465 0.752179 0.485277 
